300 150
9 11
2 2 2 2 2 2 2 2 2 2 2 2 2 2 2 2 2 2 2 2 2 2 2 2 2 2 2 2 2 2 2 2 2 2 2 2 2 2 2 2 2 2 2 2 2 2 2 2 2 2 2 2 2 2 2 2 2 2 2 2 2 2 2 2 2 2 2 2 2 2 2 2 2 2 2 2 2 2 2 2 2 2 2 3 3 3 3 3 3 3 3 3 3 3 3 3 3 3 3 3 3 3 3 3 3 3 3 3 3 3 3 3 3 3 3 3 3 3 3 3 3 3 3 3 3 3 3 3 3 3 3 3 3 3 3 3 3 3 3 3 3 3 3 3 3 3 3 3 3 3 3 3 3 3 3 3 3 3 3 4 4 4 4 4 4 4 4 4 4 4 4 4 4 4 4 4 4 4 4 4 4 4 9 9 9 9 9 9 9 9 9 9 9 9 9 9 9 9 9 9 9 9 9 9 9 9 9 9 9 9 9 9 9 9 9 9 9 9 9 9 9 9 9 9 9 9 9 9 9 9 9 9 9 9 9 9 9 9 9 9 9 9 9 9 9 9 9 9 9 9 9 9 9 9 9 9 9 9 9 9 9 9 9 9 9 9 9 9 9 9 9 9 9 9 9 9 9 9 9 9 9 9 9 9 9 9 9 9 9 9 9 9 9 9 9 9 9 9 9 9
11 11 11 11 11 11 11 11 11 11 11 11 11 11 11 11 11 11 11 11 11 11 11 11 11 11 11 11 11 11 11 11 11 11 11 11 11 11 11 11 11 11 11 11 11 11 11 11 10 10 10 10 10 10 10 10 10 10 10 10 10 10 10 10 10 10 10 10 10 10 10 10 10 10 10 10 10 10 10 10 10 10 10 10 10 10 10 10 10 10 10 10 10 10 10 10 10 10 10 10 10 10 10 10 10 10 10 10 10 10 10 10 10 10 10 10 10 10 10 10 10 10 10 10 10 10 10 10 10 10 10 10 10 10 10 10 10 10 10 10 10 10 10 10 10 10 10 10 10 10
109 150 0 0 0 0 0 0 0
65 114 0 0 0 0 0 0 0
17 69 0 0 0 0 0 0 0
35 132 0 0 0 0 0 0 0
41 67 0 0 0 0 0 0 0
84 135 0 0 0 0 0 0 0
39 125 0 0 0 0 0 0 0
126 132 0 0 0 0 0 0 0
16 103 0 0 0 0 0 0 0
105 133 0 0 0 0 0 0 0
17 96 0 0 0 0 0 0 0
65 90 0 0 0 0 0 0 0
20 54 0 0 0 0 0 0 0
104 128 0 0 0 0 0 0 0
73 126 0 0 0 0 0 0 0
97 149 0 0 0 0 0 0 0
43 77 0 0 0 0 0 0 0
44 94 0 0 0 0 0 0 0
31 89 0 0 0 0 0 0 0
2 76 0 0 0 0 0 0 0
61 95 0 0 0 0 0 0 0
24 29 0 0 0 0 0 0 0
3 112 0 0 0 0 0 0 0
134 144 0 0 0 0 0 0 0
37 66 0 0 0 0 0 0 0
34 112 0 0 0 0 0 0 0
3 146 0 0 0 0 0 0 0
4 22 0 0 0 0 0 0 0
3 20 0 0 0 0 0 0 0
82 139 0 0 0 0 0 0 0
66 68 0 0 0 0 0 0 0
73 120 0 0 0 0 0 0 0
54 95 0 0 0 0 0 0 0
84 124 0 0 0 0 0 0 0
50 66 0 0 0 0 0 0 0
62 141 0 0 0 0 0 0 0
81 97 0 0 0 0 0 0 0
79 140 0 0 0 0 0 0 0
63 90 0 0 0 0 0 0 0
48 92 0 0 0 0 0 0 0
10 52 0 0 0 0 0 0 0
43 69 0 0 0 0 0 0 0
75 129 0 0 0 0 0 0 0
42 68 0 0 0 0 0 0 0
74 100 0 0 0 0 0 0 0
130 134 0 0 0 0 0 0 0
87 133 0 0 0 0 0 0 0
15 79 0 0 0 0 0 0 0
44 139 0 0 0 0 0 0 0
119 140 0 0 0 0 0 0 0
84 132 0 0 0 0 0 0 0
79 136 0 0 0 0 0 0 0
18 55 0 0 0 0 0 0 0
82 109 0 0 0 0 0 0 0
29 103 0 0 0 0 0 0 0
10 45 0 0 0 0 0 0 0
50 85 0 0 0 0 0 0 0
16 142 0 0 0 0 0 0 0
84 142 0 0 0 0 0 0 0
82 108 0 0 0 0 0 0 0
28 146 0 0 0 0 0 0 0
13 122 0 0 0 0 0 0 0
24 25 0 0 0 0 0 0 0
13 138 0 0 0 0 0 0 0
24 67 0 0 0 0 0 0 0
81 101 0 0 0 0 0 0 0
39 116 0 0 0 0 0 0 0
107 109 0 0 0 0 0 0 0
35 86 0 0 0 0 0 0 0
22 117 0 0 0 0 0 0 0
34 143 0 0 0 0 0 0 0
79 143 0 0 0 0 0 0 0
1 108 0 0 0 0 0 0 0
77 90 0 0 0 0 0 0 0
32 68 0 0 0 0 0 0 0
42 103 0 0 0 0 0 0 0
34 50 0 0 0 0 0 0 0
74 145 0 0 0 0 0 0 0
7 66 0 0 0 0 0 0 0
31 130 0 0 0 0 0 0 0
43 73 0 0 0 0 0 0 0
14 63 0 0 0 0 0 0 0
14 72 0 0 0 0 0 0 0
4 11 55 0 0 0 0 0 0
54 75 91 0 0 0 0 0 0
3 74 80 0 0 0 0 0 0
101 102 112 0 0 0 0 0 0
29 110 111 0 0 0 0 0 0
80 89 128 0 0 0 0 0 0
6 73 123 0 0 0 0 0 0
13 15 147 0 0 0 0 0 0
32 40 49 0 0 0 0 0 0
4 21 72 0 0 0 0 0 0
33 112 149 0 0 0 0 0 0
50 65 104 0 0 0 0 0 0
112 130 141 0 0 0 0 0 0
17 19 69 0 0 0 0 0 0
38 54 105 0 0 0 0 0 0
70 133 143 0 0 0 0 0 0
70 95 117 0 0 0 0 0 0
14 72 120 0 0 0 0 0 0
60 71 140 0 0 0 0 0 0
15 73 120 0 0 0 0 0 0
4 45 90 0 0 0 0 0 0
26 45 58 0 0 0 0 0 0
33 88 99 0 0 0 0 0 0
11 34 98 0 0 0 0 0 0
61 88 94 0 0 0 0 0 0
59 121 145 0 0 0 0 0 0
16 55 101 0 0 0 0 0 0
21 43 73 0 0 0 0 0 0
20 27 135 0 0 0 0 0 0
63 118 120 0 0 0 0 0 0
61 71 106 0 0 0 0 0 0
78 82 127 0 0 0 0 0 0
14 57 81 0 0 0 0 0 0
50 86 110 0 0 0 0 0 0
26 53 100 0 0 0 0 0 0
100 117 132 0 0 0 0 0 0
116 121 132 0 0 0 0 0 0
42 82 98 0 0 0 0 0 0
71 105 107 0 0 0 0 0 0
21 31 83 0 0 0 0 0 0
10 50 107 0 0 0 0 0 0
93 112 138 0 0 0 0 0 0
9 26 49 0 0 0 0 0 0
43 56 89 0 0 0 0 0 0
24 53 117 0 0 0 0 0 0
19 75 145 0 0 0 0 0 0
20 41 72 0 0 0 0 0 0
1 9 121 0 0 0 0 0 0
21 64 93 0 0 0 0 0 0
57 69 100 0 0 0 0 0 0
6 38 121 0 0 0 0 0 0
15 49 122 0 0 0 0 0 0
29 64 99 0 0 0 0 0 0
110 115 132 0 0 0 0 0 0
109 112 126 0 0 0 0 0 0
6 94 111 0 0 0 0 0 0
71 91 131 0 0 0 0 0 0
38 81 109 0 0 0 0 0 0
37 47 140 0 0 0 0 0 0
74 81 92 0 0 0 0 0 0
8 27 55 0 0 0 0 0 0
10 11 149 0 0 0 0 0 0
1 65 131 0 0 0 0 0 0
19 92 103 0 0 0 0 0 0
9 56 131 0 0 0 0 0 0
56 63 89 0 0 0 0 0 0
80 116 135 0 0 0 0 0 0
34 39 67 0 0 0 0 0 0
39 40 41 0 0 0 0 0 0
22 37 129 0 0 0 0 0 0
46 54 73 0 0 0 0 0 0
37 46 48 0 0 0 0 0 0
16 32 61 0 0 0 0 0 0
68 88 149 0 0 0 0 0 0
8 25 63 0 0 0 0 0 0
38 65 136 0 0 0 0 0 0
27 55 81 123 0 0 0 0 0
24 27 36 99 0 0 0 0 0
21 78 125 130 0 0 0 0 0
13 33 62 79 0 0 0 0 0
8 32 68 109 0 0 0 0 0
12 40 76 150 0 0 0 0 0
17 63 101 109 0 0 0 0 0
27 66 109 125 0 0 0 0 0
5 19 22 92 0 0 0 0 0
12 17 18 112 0 0 0 0 0
44 48 55 57 0 0 0 0 0
66 98 118 143 0 0 0 0 0
36 37 43 134 0 0 0 0 0
42 60 86 91 0 0 0 0 0
5 47 62 102 0 0 0 0 0
4 12 14 53 0 0 0 0 0
4 87 113 117 0 0 0 0 0
1 68 85 101 0 0 0 0 0
77 96 130 137 0 0 0 0 0
8 54 120 139 0 0 0 0 0
77 88 123 144 0 0 0 0 0
26 33 52 113 0 0 0 0 0
21 23 37 64 0 0 0 0 0
1 5 7 16 24 65 117 125 146
38 41 75 92 96 113 125 127 129
14 33 89 108 116 118 130 134 139
3 22 31 34 113 125 137 138 142
8 64 76 95 99 114 120 141 148
8 52 76 86 106 110 112 119 147
6 25 57 60 72 88 97 104 115
6 7 27 49 65 70 76 102 128
7 13 23 32 52 59 66 77 86
3 11 31 64 65 82 85 102 117
7 9 23 32 58 95 104 121 133
2 5 9 26 39 47 55 71 150
17 35 64 79 83 93 98 118 145
4 6 14 18 46 57 71 127 141
29 49 64 100 127 128 134 137 142
4 36 39 40 48 136 138 146 147
33 40 62 63 69 80 97 101 137
36 41 49 85 98 113 124 135 144
28 49 50 62 67 89 92 96 103
3 6 10 35 41 44 93 135 144
40 42 45 62 76 78 81 100 138
13 30 47 68 86 99 114 123 141
17 38 44 49 57 82 99 119 139
16 18 91 98 122 124 131 132 150
24 44 60 71 76 102 108 119 128
1 18 47 64 70 77 85 101 113
16 72 104 107 110 114 127 131 136
4 46 86 94 103 125 126 135 136
30 32 77 108 116 118 123 127 133
45 60 74 92 98 125 126 137 149
24 25 99 103 108 118 123 131 146
15 18 28 87 89 95 125 141 150
15 19 23 33 39 67 73 76 117
5 11 34 52 86 107 128 130 150
3 12 25 36 51 53 57 62 147
8 56 69 79 80 81 119 135 145
9 12 19 24 27 59 90 106 147
9 23 31 92 104 105 115 132 141
6 29 37 75 80 111 118 143 148
1 12 20 40 51 59 68 90 143
7 17 28 39 48 53 58 59 91
23 41 44 80 82 83 98 109 110
2 10 30 34 71 91 113 114 142
2 26 28 30 33 51 69 101 123
9 45 64 74 83 104 135 142 149
10 33 38 43 74 91 107 119 138
8 10 29 87 89 93 104 124 142
4 9 30 59 70 81 82 135 138
2 21 39 51 54 101 105 119 121
20 42 66 68 91 96 121 129 136
5 53 56 74 97 103 115 148 149
11 14 19 30 31 62 100 122 124
58 67 77 87 93 110 129 139 140
5 18 28 30 48 84 99 136 141
7 15 23 44 52 72 108 120 140
9 35 36 46 47 102 105 108 111
25 26 78 96 102 107 116 123 150
6 13 22 36 41 43 46 53 74
5 8 38 45 55 59 83 96 126
7 10 16 19 56 58 110 114 115
10 22 23 34 67 127 133 144 145
12 17 21 37 46 73 75 93 111
26 56 69 99 108 113 115 122 137
3 12 21 36 40 50 86 104 116
11 76 79 83 87 129 133 143 149
23 32 33 94 97 105 106 136 148
7 22 23 29 35 60 66 93 137
19 28 31 33 51 83 90 110 142
15 26 60 75 101 107 124 126 134
31 47 63 64 73 115 118 148 150
2 51 57 90 106 116 121 134 147
9 50 54 70 79 114 125 134 148
25 32 47 56 70 78 90 102 143
29 43 67 71 94 95 103 141 146
20 41 42 46 57 98 106 127 144
13 25 27 52 61 94 119 126 130
36 48 51 59 60 78 106 108 115
28 54 58 61 68 129 131 136 138
32 48 49 61 78 87 120 145 148
2 42 52 61 75 84 87 99 119
5 25 43 85 88 105 137 139 147
40 53 55 85 106 109 122 130 139
7 15 17 22 46 58 77 87 140
25 34 48 83 94 97 100 111 112
18 21 42 56 59 71 103 111 128
8 24 26 40 42 91 92 118 122
5 11 25 32 50 60 63 77 80
13 16 30 51 59 95 97 119 144
14 31 51 66 80 102 129 139 147
2 31 69 75 76 93 105 144 150
18 20 27 45 72 74 97 117 122
8 12 13 52 61 88 124 131 132
26 85 88 111 129 130 142 145 146
38 53 61 69 72 78 114 137 141
4 16 39 57 75 88 122 126 127
22 28 44 78 94 96 107 131 143
1 17 20 29 30 45 58 120 148
27 45 48 52 56 58 92 133 136
28 36 39 40 46 55 62 138 140
6 10 19 27 35 37 70 88 149
1 29 53 72 81 82 96 105 142
3 22 30 89 90 102 133 147 150
20 41 83 121 123 124 134 140 146
3 11 48 65 94 100 106 117 120
11 18 23 34 36 85 127 138 144
2 44 47 79 86 113 114 140 149
5 12 35 45 60 63 97 111 131
14 47 54 65 67 70 106 116 139
1 11 15 21 35 67 100 116 148
7 14 19 37 38 98 104 111 146
1 2 20 28 43 62 87 143 145
12 13 15 18 83 84 110 124 134
2 89 91 95 121 122 126 128 132
6 35 42 96 114 118 128 135 145
41 78 80 93 113 115 123 137 147
16 24 37 49 70 84 124 128 144
38 47 51 58 84 107 115 129 146
30 35 44 46 84 85 95 133 148
73 131 146 177 183 208 222 279 283 291 293
20 194 225 226 231 253 262 272 288 293 295
23 27 29 86 186 192 202 217 246 284 286
28 84 93 104 175 176 196 198 210 230 277
168 174 183 194 216 233 236 241 263 269 289
90 134 139 189 190 196 202 221 240 282 296
79 183 190 191 193 223 237 242 249 265 292
144 158 164 179 187 188 218 229 241 268 274
126 131 148 193 194 219 220 227 230 238 254
41 56 124 145 202 225 228 229 242 243 282
84 107 145 192 216 234 247 269 286 287 291
165 169 175 217 219 222 244 246 274 289 294
62 64 91 163 191 204 240 258 270 274 294
82 83 101 116 175 185 196 234 271 290 292
48 91 103 135 214 215 237 251 265 291 294
9 58 110 156 183 206 209 242 270 277 298
3 11 97 166 169 195 205 223 244 265 279
53 169 196 206 208 214 236 267 273 287 294
97 129 147 168 215 219 234 242 250 282 292
13 29 112 130 222 232 257 273 279 285 293
93 111 123 132 162 182 231 244 246 267 291
28 70 153 168 186 240 243 249 265 278 284
182 191 193 215 220 224 237 243 248 249 287
22 63 65 128 161 183 207 213 219 268 298
63 158 189 213 217 239 255 258 263 266 269
105 118 126 181 194 226 239 245 251 268 275
112 144 160 161 167 190 219 258 273 280 282
61 201 214 223 226 236 250 260 278 281 293
22 55 88 136 197 221 229 249 256 279 283
204 211 225 226 230 234 236 270 279 284 300
19 80 123 186 192 220 234 250 252 271 272
75 92 156 164 191 193 211 248 255 261 269
94 106 163 181 185 199 215 226 228 248 250
26 71 77 107 151 186 216 225 243 266 287
4 69 195 202 238 249 282 289 291 296 300
161 172 198 200 217 238 240 246 259 281 287
25 142 153 155 172 182 221 244 282 292 298
98 134 141 159 184 205 228 241 276 292 299
7 67 151 152 194 198 215 223 231 277 281
92 152 165 198 199 203 222 246 264 268 281
5 130 152 184 200 202 224 240 257 285 297
44 76 121 173 203 232 257 262 267 268 296
17 42 81 111 127 172 228 240 256 263 293
18 49 170 202 205 207 224 237 278 288 300
56 104 105 203 212 227 241 273 279 280 289
154 155 196 210 238 240 244 257 265 281 300
142 174 194 204 208 238 252 255 288 290 299
40 155 170 198 223 236 259 261 266 280 286
92 126 135 190 197 200 201 205 261 298 0
35 57 77 95 117 124 201 246 254 269 0
217 222 226 231 250 253 259 270 271 299 0
41 181 188 191 216 237 258 262 274 280 0
118 128 175 217 223 233 240 264 276 283 0
13 33 85 98 154 179 231 254 260 290 0
53 84 110 144 160 170 194 241 264 281 0
127 148 149 218 233 242 245 255 267 280 0
116 133 170 189 196 205 217 253 257 277 0
105 193 223 235 242 260 265 279 280 299 0
109 191 219 222 223 230 241 259 267 270 0
102 173 189 207 212 249 251 259 269 289 0
21 108 114 156 258 260 261 262 274 276 0
36 163 174 199 201 203 217 234 281 293 0
39 82 113 149 158 166 199 252 269 289 0
132 136 182 187 192 195 197 208 227 252 0
2 12 95 146 159 183 190 192 286 290 0
25 31 35 79 167 171 191 232 249 271 0
5 65 151 201 215 235 243 256 290 291 0
31 44 75 157 164 177 204 222 232 260 0
3 42 97 133 199 218 226 245 272 276 0
99 100 190 208 230 254 255 282 290 298 0
102 114 122 140 194 196 207 225 256 267 0
83 93 101 130 189 209 237 273 276 283 0
15 32 81 90 103 111 154 215 244 252 0
45 78 86 143 212 227 228 233 240 273 0
43 85 129 184 221 244 251 262 272 277 0
20 165 187 188 190 203 207 215 247 272 0
17 74 178 180 191 208 211 235 265 269 0
115 162 203 239 255 259 261 276 278 297 0
38 48 52 72 163 195 218 247 254 288 0
86 89 150 199 218 221 224 269 271 297 0
37 66 116 141 143 160 203 218 230 283 0
30 54 60 115 121 192 205 224 230 283 0
123 195 224 227 241 247 250 266 285 294 0
6 34 51 59 236 262 294 298 299 300 0
57 177 192 200 208 263 264 275 287 300 0
69 117 173 188 191 204 210 216 246 288 0
47 176 214 229 235 247 261 262 265 293 0
106 108 157 180 189 263 274 275 277 282 0
19 89 127 149 185 201 214 229 284 295 0
12 39 74 104 219 222 250 253 255 284 0
85 140 173 206 223 225 228 232 268 295 0
40 143 147 168 184 201 212 220 268 280 0
125 132 195 202 229 235 244 249 272 297 0
18 108 139 210 248 256 258 266 278 286 0
21 33 100 187 193 214 256 270 295 300 0
11 178 184 201 232 239 241 278 283 296 0
16 37 189 199 233 248 266 270 273 289 0
107 121 171 195 200 206 212 224 257 292 0
106 136 161 187 204 205 213 236 245 262 0
45 118 119 133 197 203 234 266 286 291 0
66 87 110 166 177 199 208 226 231 251 0
87 174 190 192 207 238 239 255 271 284 0
9 55 76 147 201 210 213 233 256 267 0
14 95 189 193 209 220 227 229 246 292 0
10 98 122 220 231 238 248 263 272 283 0
114 188 219 248 253 257 259 264 286 290 0
68 122 124 209 216 228 239 251 278 299 0
60 73 185 207 211 213 237 238 245 259 0
1 54 68 138 141 164 166 167 224 264 0
88 117 137 188 209 224 235 242 250 294 0
88 139 221 238 244 266 267 275 289 292 0
23 26 87 94 96 125 138 169 188 266 0
176 181 184 186 200 208 225 245 288 297 0
2 187 204 209 225 242 254 276 288 296 0
137 189 220 233 242 245 252 259 297 299 0
67 120 150 185 211 239 246 253 290 291 0
70 100 119 128 176 183 192 215 273 286 0
113 171 185 195 211 213 221 252 268 296 0
50 188 205 207 218 228 231 258 262 270 0
32 101 103 113 179 187 237 261 279 286 0
109 120 131 134 193 231 232 253 285 295 0
62 135 206 234 245 264 268 273 277 295 0
90 160 180 204 211 213 226 239 285 297 0
34 200 206 229 234 251 274 285 294 298 0
7 162 167 183 184 186 210 212 214 254 0
8 15 138 210 212 241 251 258 277 295 0
115 184 196 197 209 211 243 257 277 287 0
14 89 190 197 207 216 267 295 296 298 0
43 153 184 232 235 247 260 271 275 299 0
46 80 96 162 178 185 216 258 264 275 0
140 146 148 206 209 213 260 274 278 289 0
4 8 51 119 120 137 206 220 274 295 0
10 47 99 193 211 243 247 280 284 300 0
24 46 172 185 197 251 253 254 285 294 0
6 112 150 200 202 210 218 227 230 296 0
52 159 198 209 210 232 236 248 260 280 0
178 186 197 199 212 245 249 263 276 297 0
64 125 186 198 203 228 230 260 281 287 0
30 49 179 185 205 235 263 264 271 290 0
38 50 102 142 235 237 265 281 285 288 0
36 96 187 196 204 214 220 236 256 276 0
58 59 186 197 225 227 229 250 275 283 0
71 72 99 171 221 222 247 255 278 293 0
24 180 200 202 243 257 270 272 287 298 0
78 109 129 195 218 243 261 275 293 296 0
27 61 183 198 213 256 275 285 292 299 0
91 188 198 217 219 253 263 271 284 297 0
187 221 233 248 252 254 261 279 291 300 0
16 94 145 157 212 227 233 247 282 288 0
1 165 194 206 214 216 239 252 272 284 0
