600 300
9 11
2 2 2 2 2 2 2 2 2 2 2 2 2 2 2 2 2 2 2 2 2 2 2 2 2 2 2 2 2 2 2 2 2 2 2 2 2 2 2 2 2 2 2 2 2 2 2 2 2 2 2 2 2 2 2 2 2 2 2 2 2 2 2 2 2 2 2 2 2 2 2 2 2 2 2 2 2 2 2 2 2 2 2 2 2 2 2 2 2 2 2 2 2 2 2 2 2 2 2 2 2 2 2 2 2 2 2 2 2 2 2 2 2 2 2 2 2 2 2 2 2 2 2 2 2 2 2 2 2 2 2 2 2 2 2 2 2 2 2 2 2 2 2 2 2 2 2 2 2 2 2 2 2 2 2 2 2 2 2 2 2 2 2 2 2 2 3 3 3 3 3 3 3 3 3 3 3 3 3 3 3 3 3 3 3 3 3 3 3 3 3 3 3 3 3 3 3 3 3 3 3 3 3 3 3 3 3 3 3 3 3 3 3 3 3 3 3 3 3 3 3 3 3 3 3 3 3 3 3 3 3 3 3 3 3 3 3 3 3 3 3 3 3 3 3 3 3 3 3 3 3 3 3 3 3 3 3 3 3 3 3 3 3 3 3 3 3 3 3 3 3 3 3 3 3 3 3 3 3 3 3 3 3 3 3 3 3 3 3 3 3 3 3 3 3 3 3 3 3 3 3 3 3 3 3 3 3 3 3 3 3 3 3 3 3 3 3 3 3 4 4 4 4 4 4 4 4 4 4 4 4 4 4 4 4 4 4 4 4 4 4 4 4 4 4 4 4 4 4 4 4 4 4 4 4 4 4 4 4 4 4 4 4 4 4 9 9 9 9 9 9 9 9 9 9 9 9 9 9 9 9 9 9 9 9 9 9 9 9 9 9 9 9 9 9 9 9 9 9 9 9 9 9 9 9 9 9 9 9 9 9 9 9 9 9 9 9 9 9 9 9 9 9 9 9 9 9 9 9 9 9 9 9 9 9 9 9 9 9 9 9 9 9 9 9 9 9 9 9 9 9 9 9 9 9 9 9 9 9 9 9 9 9 9 9 9 9 9 9 9 9 9 9 9 9 9 9 9 9 9 9 9 9 9 9 9 9 9 9 9 9 9 9 9 9 9 9 9 9 9 9 9 9 9 9 9 9 9 9 9 9 9 9 9 9 9 9 9 9 9 9 9 9 9 9 9 9 9 9 9 9 9 9 9 9 9 9 9 9 9 9 9 9 9 9 9 9 9 9 9 9 9 9 9 9 9 9 9 9 9 9 9 9 9 9 9 9 9 9 9 9 9 9 9 9 9 9 9 9 9 9 9 9 9 9 9 9 9 9 9 9 9 9 9 9 9 9 9 9 9
11 11 11 11 11 11 11 11 11 11 11 11 11 11 11 11 11 11 11 11 11 11 11 11 11 11 11 11 11 11 11 11 11 11 11 11 11 11 11 11 11 11 11 11 11 11 11 11 11 11 11 11 11 11 11 11 11 11 11 11 11 11 11 11 11 11 11 11 11 11 11 11 11 11 11 11 11 11 11 11 11 11 11 11 11 11 11 11 11 11 10 10 10 10 10 10 10 10 10 10 10 10 10 10 10 10 10 10 10 10 10 10 10 10 10 10 10 10 10 10 10 10 10 10 10 10 10 10 10 10 10 10 10 10 10 10 10 10 10 10 10 10 10 10 10 10 10 10 10 10 10 10 10 10 10 10 10 10 10 10 10 10 10 10 10 10 10 10 10 10 10 10 10 10 10 10 10 10 10 10 10 10 10 10 10 10 10 10 10 10 10 10 10 10 10 10 10 10 10 10 10 10 10 10 10 10 10 10 10 10 10 10 10 10 10 10 10 10 10 10 10 10 10 10 10 10 10 10 10 10 10 10 10 10 10 10 10 10 10 10 10 10 10 10 10 10 10 10 10 10 10 10 10 10 10 10 10 10 10 10 10 10 10 10 10 10 10 10 10 10 10 10 10 10 10 10 10 10 10 10 10 10 10 10 10 10 10 10 10 10 10 10 10 10 10 10 10 10 10 10
213 298 0 0 0 0 0 0 0
126 223 0 0 0 0 0 0 0
28 131 0 0 0 0 0 0 0
63 256 0 0 0 0 0 0 0
75 127 0 0 0 0 0 0 0
161 261 0 0 0 0 0 0 0
67 238 0 0 0 0 0 0 0
241 256 0 0 0 0 0 0 0
24 191 0 0 0 0 0 0 0
193 248 0 0 0 0 0 0 0
18 178 0 0 0 0 0 0 0
122 161 0 0 0 0 0 0 0
34 101 0 0 0 0 0 0 0
191 233 0 0 0 0 0 0 0
129 243 0 0 0 0 0 0 0
185 268 0 0 0 0 0 0 0
73 121 0 0 0 0 0 0 0
72 172 0 0 0 0 0 0 0
29 142 0 0 0 0 0 0 0
128 294 0 0 0 0 0 0 0
82 177 0 0 0 0 0 0 0
17 40 0 0 0 0 0 0 0
208 291 0 0 0 0 0 0 0
16 249 0 0 0 0 0 0 0
59 88 0 0 0 0 0 0 0
43 176 0 0 0 0 0 0 0
285 297 0 0 0 0 0 0 0
23 285 0 0 0 0 0 0 0
282 286 0 0 0 0 0 0 0
138 265 0 0 0 0 0 0 0
102 104 0 0 0 0 0 0 0
95 186 0 0 0 0 0 0 0
126 284 0 0 0 0 0 0 0
121 184 0 0 0 0 0 0 0
57 107 0 0 0 0 0 0 0
85 247 0 0 0 0 0 0 0
117 123 0 0 0 0 0 0 0
97 250 0 0 0 0 0 0 0
72 140 0 0 0 0 0 0 0
75 151 0 0 0 0 0 0 0
43 251 0 0 0 0 0 0 0
102 285 0 0 0 0 0 0 0
89 192 0 0 0 0 0 0 0
2 163 0 0 0 0 0 0 0
125 163 0 0 0 0 0 0 0
222 240 0 0 0 0 0 0 0
99 202 0 0 0 0 0 0 0
13 71 0 0 0 0 0 0 0
16 20 0 0 0 0 0 0 0
217 232 0 0 0 0 0 0 0
125 224 0 0 0 0 0 0 0
103 231 0 0 0 0 0 0 0
17 84 0 0 0 0 0 0 0
108 174 0 0 0 0 0 0 0
39 192 0 0 0 0 0 0 0
266 295 0 0 0 0 0 0 0
5 76 0 0 0 0 0 0 0
227 288 0 0 0 0 0 0 0
95 180 0 0 0 0 0 0 0
65 119 0 0 0 0 0 0 0
18 268 0 0 0 0 0 0 0
122 244 0 0 0 0 0 0 0
238 254 0 0 0 0 0 0 0
214 228 0 0 0 0 0 0 0
90 275 0 0 0 0 0 0 0
39 96 0 0 0 0 0 0 0
44 111 0 0 0 0 0 0 0
117 148 0 0 0 0 0 0 0
49 128 0 0 0 0 0 0 0
208 220 0 0 0 0 0 0 0
61 275 0 0 0 0 0 0 0
60 229 0 0 0 0 0 0 0
93 156 0 0 0 0 0 0 0
74 118 0 0 0 0 0 0 0
24 149 0 0 0 0 0 0 0
112 268 0 0 0 0 0 0 0
14 78 0 0 0 0 0 0 0
48 195 0 0 0 0 0 0 0
8 249 0 0 0 0 0 0 0
228 239 0 0 0 0 0 0 0
45 75 0 0 0 0 0 0 0
52 233 0 0 0 0 0 0 0
1 123 0 0 0 0 0 0 0
192 223 0 0 0 0 0 0 0
261 281 0 0 0 0 0 0 0
76 162 0 0 0 0 0 0 0
43 84 0 0 0 0 0 0 0
77 201 0 0 0 0 0 0 0
93 193 0 0 0 0 0 0 0
49 145 0 0 0 0 0 0 0
203 231 0 0 0 0 0 0 0
100 283 0 0 0 0 0 0 0
170 240 0 0 0 0 0 0 0
121 165 0 0 0 0 0 0 0
249 281 0 0 0 0 0 0 0
71 292 0 0 0 0 0 0 0
178 191 0 0 0 0 0 0 0
100 189 0 0 0 0 0 0 0
15 121 0 0 0 0 0 0 0
76 201 0 0 0 0 0 0 0
40 60 0 0 0 0 0 0 0
28 137 0 0 0 0 0 0 0
118 157 0 0 0 0 0 0 0
2 149 0 0 0 0 0 0 0
190 278 0 0 0 0 0 0 0
58 63 0 0 0 0 0 0 0
49 226 0 0 0 0 0 0 0
114 167 0 0 0 0 0 0 0
97 273 0 0 0 0 0 0 0
150 300 0 0 0 0 0 0 0
220 240 0 0 0 0 0 0 0
116 246 0 0 0 0 0 0 0
221 272 0 0 0 0 0 0 0
22 82 0 0 0 0 0 0 0
117 131 0 0 0 0 0 0 0
214 231 0 0 0 0 0 0 0
199 296 0 0 0 0 0 0 0
58 266 0 0 0 0 0 0 0
99 152 0 0 0 0 0 0 0
145 279 0 0 0 0 0 0 0
12 42 0 0 0 0 0 0 0
84 278 0 0 0 0 0 0 0
156 168 0 0 0 0 0 0 0
40 240 0 0 0 0 0 0 0
3 213 0 0 0 0 0 0 0
60 82 0 0 0 0 0 0 0
16 187 0 0 0 0 0 0 0
37 46 0 0 0 0 0 0 0
71 187 0 0 0 0 0 0 0
206 212 0 0 0 0 0 0 0
126 173 0 0 0 0 0 0 0
14 135 0 0 0 0 0 0 0
48 135 0 0 0 0 0 0 0
117 273 0 0 0 0 0 0 0
113 125 0 0 0 0 0 0 0
246 290 0 0 0 0 0 0 0
89 110 0 0 0 0 0 0 0
16 93 0 0 0 0 0 0 0
112 227 0 0 0 0 0 0 0
45 246 0 0 0 0 0 0 0
43 159 0 0 0 0 0 0 0
151 156 0 0 0 0 0 0 0
53 133 0 0 0 0 0 0 0
29 162 0 0 0 0 0 0 0
120 239 0 0 0 0 0 0 0
88 295 0 0 0 0 0 0 0
97 119 0 0 0 0 0 0 0
41 235 0 0 0 0 0 0 0
76 205 0 0 0 0 0 0 0
259 265 0 0 0 0 0 0 0
51 137 0 0 0 0 0 0 0
39 282 0 0 0 0 0 0 0
38 74 0 0 0 0 0 0 0
122 190 0 0 0 0 0 0 0
3 100 0 0 0 0 0 0 0
219 269 0 0 0 0 0 0 0
176 278 0 0 0 0 0 0 0
63 130 0 0 0 0 0 0 0
22 215 0 0 0 0 0 0 0
219 275 0 0 0 0 0 0 0
49 143 0 0 0 0 0 0 0
75 232 0 0 0 0 0 0 0
89 139 0 0 0 0 0 0 0
31 68 0 0 0 0 0 0 0
128 225 0 0 0 0 0 0 0
31 148 0 0 0 0 0 0 0
62 135 254 0 0 0 0 0 0
79 106 116 0 0 0 0 0 0
4 200 243 0 0 0 0 0 0
114 129 256 0 0 0 0 0 0
105 106 214 0 0 0 0 0 0
14 62 295 0 0 0 0 0 0
61 86 167 0 0 0 0 0 0
140 196 230 0 0 0 0 0 0
127 172 190 0 0 0 0 0 0
12 64 289 0 0 0 0 0 0
80 108 250 0 0 0 0 0 0
17 40 71 0 0 0 0 0 0
139 142 300 0 0 0 0 0 0
37 43 71 0 0 0 0 0 0
77 101 242 0 0 0 0 0 0
52 84 118 0 0 0 0 0 0
53 99 285 0 0 0 0 0 0
15 128 274 0 0 0 0 0 0
34 81 141 0 0 0 0 0 0
65 87 95 0 0 0 0 0 0
79 109 145 0 0 0 0 0 0
9 112 233 0 0 0 0 0 0
52 84 151 0 0 0 0 0 0
11 33 275 0 0 0 0 0 0
147 166 229 0 0 0 0 0 0
56 146 237 0 0 0 0 0 0
8 21 214 0 0 0 0 0 0
26 85 236 0 0 0 0 0 0
99 224 262 0 0 0 0 0 0
15 99 152 0 0 0 0 0 0
95 146 216 0 0 0 0 0 0
27 98 184 0 0 0 0 0 0
101 175 263 0 0 0 0 0 0
19 128 206 0 0 0 0 0 0
53 70 214 0 0 0 0 0 0
40 115 267 0 0 0 0 0 0
23 200 245 0 0 0 0 0 0
51 59 127 0 0 0 0 0 0
91 120 170 0 0 0 0 0 0
46 73 213 0 0 0 0 0 0
97 213 238 0 0 0 0 0 0
109 179 269 0 0 0 0 0 0
30 96 282 0 0 0 0 0 0
159 197 245 0 0 0 0 0 0
115 248 270 0 0 0 0 0 0
9 205 248 0 0 0 0 0 0
99 240 250 0 0 0 0 0 0
207 284 293 0 0 0 0 0 0
71 208 257 0 0 0 0 0 0
134 149 220 0 0 0 0 0 0
160 177 188 0 0 0 0 0 0
83 85 92 0 0 0 0 0 0
130 159 169 0 0 0 0 0 0
82 165 245 0 0 0 0 0 0
44 121 295 0 0 0 0 0 0
16 159 247 0 0 0 0 0 0
38 259 272 0 0 0 0 0 0
59 60 199 0 0 0 0 0 0
94 244 286 0 0 0 0 0 0
52 82 289 0 0 0 0 0 0
90 117 273 0 0 0 0 0 0
26 177 293 0 0 0 0 0 0
13 56 98 0 0 0 0 0 0
144 188 202 0 0 0 0 0 0
179 271 275 0 0 0 0 0 0
11 15 211 0 0 0 0 0 0
121 216 236 0 0 0 0 0 0
41 237 269 0 0 0 0 0 0
166 236 273 0 0 0 0 0 0
15 53 172 0 0 0 0 0 0
24 69 210 0 0 0 0 0 0
64 98 157 0 0 0 0 0 0
79 147 270 0 0 0 0 0 0
72 187 188 0 0 0 0 0 0
34 85 170 0 0 0 0 0 0
51 121 200 0 0 0 0 0 0
24 150 168 0 0 0 0 0 0
81 162 178 0 0 0 0 0 0
129 130 271 0 0 0 0 0 0
36 101 260 0 0 0 0 0 0
7 95 254 0 0 0 0 0 0
133 185 230 0 0 0 0 0 0
31 160 229 0 0 0 0 0 0
210 268 289 0 0 0 0 0 0
6 140 181 0 0 0 0 0 0
133 222 291 0 0 0 0 0 0
3 41 201 0 0 0 0 0 0
47 67 196 0 0 0 0 0 0
40 67 128 0 0 0 0 0 0
95 159 283 0 0 0 0 0 0
34 219 251 0 0 0 0 0 0
237 240 278 0 0 0 0 0 0
119 157 190 0 0 0 0 0 0
10 289 300 0 0 0 0 0 0
165 198 200 0 0 0 0 0 0
141 199 245 0 0 0 0 0 0
44 143 216 0 0 0 0 0 0
9 29 297 0 0 0 0 0 0
70 248 288 0 0 0 0 0 0
35 132 194 0 0 0 0 0 0
9 40 218 0 0 0 0 0 0
29 50 173 0 0 0 0 0 0
85 130 215 0 0 0 0 0 0
75 109 116 0 0 0 0 0 0
23 57 176 0 0 0 0 0 0
143 159 277 0 0 0 0 0 0
77 101 210 0 0 0 0 0 0
43 194 264 0 0 0 0 0 0
4 181 283 0 0 0 0 0 0
212 230 283 0 0 0 0 0 0
134 261 269 0 0 0 0 0 0
83 103 243 0 0 0 0 0 0
21 68 183 0 0 0 0 0 0
33 61 279 0 0 0 0 0 0
73 129 231 0 0 0 0 0 0
99 130 297 0 0 0 0 0 0
4 277 297 0 0 0 0 0 0
17 129 263 0 0 0 0 0 0
64 144 226 0 0 0 0 0 0
64 100 299 0 0 0 0 0 0
24 127 236 0 0 0 0 0 0
3 110 215 0 0 0 0 0 0
65 204 215 0 0 0 0 0 0
50 202 235 0 0 0 0 0 0
173 188 190 0 0 0 0 0 0
82 103 292 0 0 0 0 0 0
99 119 285 0 0 0 0 0 0
76 217 228 0 0 0 0 0 0
44 183 255 0 0 0 0 0 0
24 46 280 0 0 0 0 0 0
30 63 183 0 0 0 0 0 0
169 173 182 0 0 0 0 0 0
1 46 228 0 0 0 0 0 0
44 108 238 0 0 0 0 0 0
129 175 241 0 0 0 0 0 0
57 78 282 0 0 0 0 0 0
182 220 264 0 0 0 0 0 0
105 193 195 0 0 0 0 0 0
38 46 166 0 0 0 0 0 0
30 66 102 0 0 0 0 0 0
13 29 279 0 0 0 0 0 0
97 119 155 0 0 0 0 0 0
59 104 261 0 0 0 0 0 0
101 125 182 0 0 0 0 0 0
39 80 274 0 0 0 0 0 0
35 124 226 0 0 0 0 0 0
119 137 166 0 0 0 0 0 0
5 27 252 0 0 0 0 0 0
32 74 180 0 0 0 0 0 0
53 115 253 0 0 0 0 0 0
48 117 247 0 0 0 0 0 0
1 41 107 0 0 0 0 0 0
79 196 287 0 0 0 0 0 0
49 109 243 258 0 0 0 0 0
100 126 193 240 0 0 0 0 0
16 76 179 254 0 0 0 0 0
80 162 168 297 0 0 0 0 0
19 165 235 263 0 0 0 0 0
25 184 198 228 0 0 0 0 0
7 94 171 182 0 0 0 0 0
57 76 170 223 0 0 0 0 0
42 102 208 255 0 0 0 0 0
66 87 162 258 0 0 0 0 0
48 123 143 190 0 0 0 0 0
8 102 111 294 0 0 0 0 0
83 100 132 155 0 0 0 0 0
17 55 174 273 0 0 0 0 0
87 239 250 275 0 0 0 0 0
54 70 160 224 0 0 0 0 0
20 45 149 287 0 0 0 0 0
41 80 146 183 0 0 0 0 0
84 147 258 271 0 0 0 0 0
50 86 218 276 0 0 0 0 0
6 39 236 246 0 0 0 0 0
30 171 276 277 0 0 0 0 0
10 73 88 153 0 0 0 0 0
12 19 43 230 0 0 0 0 0
31 88 234 239 0 0 0 0 0
22 125 220 237 0 0 0 0 0
35 117 155 174 0 0 0 0 0
52 112 155 229 0 0 0 0 0
40 78 132 192 0 0 0 0 0
5 10 115 188 0 0 0 0 0
109 125 179 211 0 0 0 0 0
17 110 152 293 0 0 0 0 0
70 101 197 224 0 0 0 0 0
86 139 154 156 0 0 0 0 0
31 118 226 253 0 0 0 0 0
37 64 131 161 0 0 0 0 0
47 131 183 254 0 0 0 0 0
9 56 136 216 0 0 0 0 0
34 183 198 252 0 0 0 0 0
21 142 163 234 0 0 0 0 0
19 49 72 237 0 0 0 0 0
2 87 98 251 0 0 0 0 0
22 29 42 266 0 0 0 0 0
16 196 205 257 0 0 0 0 0
49 157 187 203 0 0 0 0 0
19 47 264 298 0 0 0 0 0
57 62 88 94 110 156 180 199 276
7 21 36 87 92 107 209 274 298
36 80 138 154 158 209 233 260 279
32 45 78 90 108 117 176 205 270
2 27 39 102 169 205 217 222 253
61 62 66 69 86 168 245 263 267
4 18 26 28 139 164 203 250 293
1 70 132 134 141 198 222 226 236
8 47 58 69 70 136 184 198 233
8 82 83 86 115 145 155 200 209
35 112 115 161 218 221 241 283 284
3 22 25 62 74 117 160 188 210
21 47 79 107 135 182 268 274 284
105 113 140 148 151 169 219 232 253
54 79 158 177 190 201 215 224 294
1 65 74 105 161 167 239 253 280
14 68 112 124 165 197 284 285 286
10 33 59 104 111 130 205 223 259
43 80 82 120 127 172 186 217 298
44 91 149 178 248 283 292 293 297
55 64 90 105 123 180 232 286 297
5 19 49 62 164 189 220 261 296
86 97 103 126 138 180 185 204 271
46 57 69 103 148 155 172 225 253
27 65 108 126 137 219 232 241 267
84 104 124 156 159 191 231 257 264
12 38 42 109 157 195 209 217 291
36 45 59 89 124 189 192 251 276
18 23 28 86 96 97 158 162 181
9 18 50 98 138 142 204 207 265
20 42 86 114 118 181 186 196 249
4 25 154 158 234 263 266 272 298
114 148 160 167 185 229 246 254 288
66 77 86 103 105 109 217 252 272
4 42 105 144 160 162 179 194 288
19 62 75 79 127 198 204 210 260
17 64 93 122 124 229 244 251 279
6 64 70 93 94 136 147 164 201
41 67 130 134 150 176 256 278 297
85 118 138 152 179 238 280 284 286
11 120 122 176 192 221 247 267 284
37 69 71 108 140 196 206 220 260
1 20 65 164 221 246 269 289 300
54 60 69 169 188 208 228 251 262
121 148 151 152 160 163 259 277 290
11 44 98 116 169 211 212 270 286
25 53 54 77 141 157 181 209 264
21 25 52 76 118 123 146 223 257
59 62 68 110 191 204 251 255 263
7 53 54 63 69 78 107 207 218
6 23 51 78 148 200 202 235 266
11 65 80 105 153 196 205 287 289
1 77 106 183 186 193 202 216 280
85 89 138 187 190 228 251 263 290
6 15 36 104 105 120 122 232 242
30 63 69 111 125 145 215 280 286
32 83 137 140 142 143 165 282 287
50 152 175 202 204 222 234 270 300
6 58 62 108 176 207 242 274 298
18 37 89 120 127 159 186 233 298
31 55 76 88 119 144 162 212 281
25 32 106 107 110 150 194 216 264
71 91 133 171 203 262 265 279 299
28 41 47 133 134 286 292 295 299
9 13 21 92 103 173 188 196 285
64 86 91 102 106 215 243 262 288
67 81 108 115 144 158 184 260 277
5 26 30 75 136 189 244 252 270
12 22 35 37 199 211 264 266 299
5 54 58 73 203 213 224 229 233
32 95 135 140 152 178 230 267 296
8 70 111 150 178 212 242 263 292
46 81 123 129 153 200 211 232 290
72 75 78 81 110 151 172 201 260
92 135 187 223 226 227 238 244 296
27 38 122 134 166 186 212 245 252
8 9 35 49 142 147 249 262 294
85 112 113 126 191 231 245 246 283
13 20 48 57 58 67 82 143 262
27 40 53 56 156 258 262 276 284
41 58 120 127 154 168 192 263 278
74 78 89 125 148 171 195 202 281
67 112 145 174 180 208 209 278 288
38 42 55 84 134 150 293 294 295
4 52 97 107 134 142 207 225 242
19 66 132 185 195 207 237 248 296
91 167 173 189 197 201 222 276 296
13 31 112 139 197 217 218 292 299
27 61 70 72 133 155 232 233 268
2 50 68 106 175 179 241 277 298
5 7 84 161 165 179 189 242 257
2 33 66 98 109 143 210 243 244
7 17 24 94 123 191 225 254 262
16 47 71 113 119 122 137 175 244
28 60 89 94 146 167 189 230 256
38 47 51 150 152 209 235 297 298
11 66 96 128 135 141 173 209 260
34 85 149 161 187 213 222 232 256
11 16 19 22 61 114 244 271 287
11 18 27 111 130 150 185 208 250
8 15 54 55 92 102 248 263 283
5 26 32 164 172 189 230 267 289
28 50 82 137 219 242 253 291 295
68 98 113 139 201 211 259 278 291
18 79 95 98 228 243 253 255 294
48 52 88 148 166 169 225 258 272
1 19 41 68 78 151 177 267 293
61 83 121 138 141 151 163 197 208
20 24 80 88 124 131 147 153 220
90 133 141 145 190 214 219 250 275
51 114 123 164 174 192 194 244 252
13 36 48 114 132 141 169 272 288
33 51 120 123 158 165 185 230 286
59 87 210 216 230 236 248 279 280
65 67 132 137 138 191 223 254 294
4 57 135 140 188 197 273 284 300
65 73 90 127 132 197 231 249 272
102 109 138 149 194 233 249 275 299
17 37 39 46 54 140 166 254 281
6 57 67 103 132 200 225 250 267
25 33 55 81 113 129 204 206 226
19 129 174 177 187 202 221 223 280
48 96 155 161 203 204 220 231 242
37 39 43 46 74 83 169 225 239
56 61 66 148 169 170 219 257 265
32 41 97 181 185 211 261 275 280
50 65 78 92 108 203 210 213 280
30 51 123 236 240 248 262 272 283
35 44 58 136 186 226 278 289 295
13 53 54 70 82 176 250 255 269
2 8 10 30 43 60 93 157 243
4 10 80 87 90 193 258 269 290
7 8 14 74 91 101 153 177 183
12 15 26 72 75 154 168 251 296
48 56 106 137 210 242 255 280 299
77 80 117 124 180 207 241 270 274
72 88 103 168 190 260 266 279 292
56 91 112 146 164 194 205 259 270
46 60 63 171 199 206 207 212 271
25 32 45 131 153 181 195 232 282
30 68 73 90 139 146 197 245 296
10 11 13 45 96 177 218 254 294
2 38 124 154 171 211 234 238 277
16 96 101 143 200 227 247 256 300
7 11 33 85 116 143 153 221 253
25 69 77 83 106 130 208 212 213
5 9 63 181 198 215 249 266 290
4 52 55 67 107 145 175 217 271
43 92 113 192 193 220 223 234 260
32 68 125 146 193 225 227 243 291
3 94 111 178 183 252 269 283 285
12 44 46 172 227 268 273 277 282
7 111 124 133 175 186 189 200 234
44 126 150 168 171 188 238 241 257
15 24 39 47 76 88 206 221 255
29 63 87 139 151 186 209 213 258
17 23 25 36 184 226 229 236 299
71 72 74 91 118 128 171 222 231
34 91 165 174 196 221 224 292 295
4 12 48 64 119 147 237 252 288
23 38 68 77 152 170 199 218 237
23 59 89 91 204 238 250 266 281
7 51 86 90 183 214 258 298 299
26 38 45 58 63 140 228 264 274
10 18 26 141 144 153 163 175 240
36 47 83 136 194 212 239 257 261
6 34 40 144 153 162 189 214 247
1 60 80 136 197 243 251 268 286
10 34 128 155 174 182 185 216 285
6 12 26 60 85 100 104 116 210
3 73 143 160 182 279 282 290 294
6 20 21 22 27 110 113 126 246
35 48 60 79 191 205 226 247 265
14 18 59 81 99 101 181 259 270
42 58 89 104 107 114 157 225 238
15 25 73 103 182 187 235 257 290
14 35 36 51 135 146 195 241 292
23 30 39 142 158 201 216 235 237
14 42 54 78 97 167 269 273 277
29 32 110 199 217 229 233 261 272
58 72 74 81 159 180 186 227 245
2 14 61 104 122 127 168 207 218
30 52 53 66 131 164 256 258 287
12 28 87 131 156 214 235 259 296
20 63 75 96 147 215 248 268 271
22 28 89 156 206 227 267 281 293
1 9 29 87 157 166 179 198 219
57 64 120 137 146 180 258 260 290
33 41 53 76 88 115 167 168 247
31 45 69 114 136 154 187 198 239
36 50 67 162 164 195 278 291 299
26 163 178 195 224 249 259 265 290
42 96 130 133 163 175 216 241 274
109 144 150 155 208 257 273 282 287
12 40 68 71 107 152 184 247 279
5 6 20 56 66 185 265 281 287
22 49 55 158 211 222 268 287 293
29 35 111 147 149 163 234 246 300
13 29 113 134 139 214 219 221 291
34 35 38 79 115 149 174 199 264
21 90 93 113 116 124 170 206 292
28 37 106 121 178 194 201 225 300
15 24 79 81 149 154 222 234 249
20 32 84 151 160 166 235 261 288
14 95 136 141 144 170 177 203 229
1 55 70 73 93 94 118 218 274
14 62 116 167 184 228 242 255 276
33 44 77 125 131 136 142 270 271
10 21 84 172 211 240 252 284 300
11 31 37 45 72 87 256 282 289
36 42 56 74 77 100 178 195 203
3 56 59 61 144 164 193 255 266
17 22 33 73 126 129 145 147 264
18 31 51 94 108 122 158 192 275
16 45 180 198 213 272 288 291 293
33 56 100 102 156 182 217 262 281
54 55 61 66 145 173 194 202 271
3 13 83 135 170 179 199 273 294
7 28 105 181 182 202 276 285 297
2 27 57 75 139 159 172 274 295
3 24 55 114 131 173 204 234 276
50 52 158 167 171 177 206 231 241
3 20 95 116 171 173 196 203 239
81 111 116 170 207 209 224 276 296
23 96 161 215 224 244 265 277 281
23 49 65 69 142 154 175 227 253
37 100 119 166 176 193 221 223 239
10 83 132 153 157 174 237 261 289
2 8 21 39 47 110 133 218 259
50 92 93 118 120 128 227 256 269
9 90 99 106 134 160 163 235 245
27 92 93 154 165 184 236 267 291
92 94 104 212 230 246 255 265 287
5 26 34 62 176 191 205 206 252
31 81 98 104 115 138 161 184 247
83 299 318 373 381 408 418 472 533 552 571
44 104 361 370 455 457 496 508 547 585 594
125 155 253 288 377 516 536 577 583 586 588
169 275 283 372 397 400 450 481 497 513 525
57 314 349 387 433 435 456 467 512 561 599
251 340 403 416 420 424 485 532 535 537 561
247 326 367 415 456 458 498 510 518 528 584
79 193 331 374 375 437 442 466 496 498 594
188 212 264 267 357 395 430 442 512 552 596
260 342 349 383 496 497 507 530 534 574 593
190 232 406 411 417 462 464 465 507 510 575
121 176 343 392 434 499 517 525 535 549 560
48 229 307 430 444 453 477 495 507 564 583
77 132 172 382 498 539 542 544 547 570 572
99 184 196 232 236 420 466 499 520 541 568
24 49 127 138 222 322 363 459 464 509 580
22 53 178 284 333 351 402 458 484 522 578
11 61 372 394 395 425 465 470 530 539 579
200 324 343 360 365 387 401 451 464 472 487
49 336 396 408 444 474 537 550 561 569 588
193 279 359 367 378 413 430 537 566 574 594
114 159 345 362 377 434 464 537 551 562 578
28 203 271 394 416 522 526 527 543 590 591
9 75 237 243 287 296 458 474 520 568 586
325 377 397 412 413 427 486 505 511 522 541
194 228 372 433 467 499 529 530 535 557 599
198 314 370 390 441 445 454 465 537 585 597
3 102 372 394 429 460 468 549 551 567 584
19 144 264 268 307 362 521 545 552 563 564
209 297 306 341 421 433 493 496 506 543 548
164 166 249 344 354 426 453 555 575 579 600
315 369 422 427 436 467 491 505 515 545 569
190 280 383 457 478 486 510 554 573 578 581
13 185 241 257 358 463 524 532 534 565 599
266 312 346 376 434 442 494 538 542 563 565
246 367 368 393 420 477 522 531 542 556 576
128 180 355 407 425 434 484 489 567 575 592
153 223 305 392 441 449 461 508 526 529 565
55 66 152 311 340 370 484 489 520 543 594
22 101 124 178 202 255 267 348 445 532 560
148 234 253 318 337 404 429 446 472 491 554
121 328 362 392 396 400 449 540 544 558 576
26 41 87 141 180 274 343 384 489 496 514
67 221 263 295 300 385 411 494 517 519 573
81 140 336 369 393 505 507 529 555 575 580
128 206 296 299 305 389 438 484 489 504 517
254 356 365 374 378 429 459 461 520 531 594
78 133 317 330 444 471 477 488 500 525 538
69 90 107 161 320 360 364 387 442 562 591
268 290 339 395 423 455 468 492 556 587 595
151 204 242 416 461 476 478 493 528 542 579
82 182 189 226 347 413 450 471 513 548 587
143 183 201 236 316 412 415 445 495 548 554
335 380 409 412 415 435 466 484 495 544 582
333 386 426 449 466 486 513 562 571 582 586
192 229 357 445 490 500 503 561 576 577 581
35 271 302 327 366 389 444 481 485 553 585
106 118 374 424 435 444 446 494 529 540 546
25 204 224 309 383 393 414 479 527 539 577
72 101 126 224 409 460 496 504 533 535 538
71 173 280 371 454 464 473 490 547 577 582
167 172 366 371 377 387 401 414 424 572 599
4 106 158 297 415 421 504 512 521 529 550
176 238 285 286 355 386 402 403 431 525 553
60 186 289 381 390 408 417 480 482 492 591
306 329 371 399 451 457 462 490 548 561 582
7 254 255 404 432 444 448 480 485 513 556
164 279 382 414 455 469 472 506 515 526 560
237 371 374 389 407 409 415 421 511 555 591
201 265 335 352 373 374 403 437 454 495 571
48 96 129 178 180 215 407 428 459 523 560
18 39 240 360 439 454 499 502 523 546 575
17 206 281 342 435 482 506 536 541 571 578
74 153 315 377 381 447 489 498 523 546 576
5 40 81 162 270 401 433 439 499 550 585
57 86 100 149 294 322 327 413 426 520 554
88 181 273 399 412 418 501 511 526 573 576
77 302 348 369 415 416 439 447 472 492 544
168 187 239 319 378 380 401 470 538 565 568
177 311 323 337 368 384 417 474 497 501 533
185 244 432 438 439 486 539 546 568 589 600
21 114 126 220 226 292 375 384 444 468 495
218 278 332 375 422 473 489 511 531 583 593
53 87 122 182 189 338 391 449 456 569 574
36 194 218 241 269 405 419 443 463 510 535
173 339 353 371 375 388 394 396 399 431 528
186 329 334 361 367 479 497 521 549 552 575
25 146 342 344 366 426 471 474 502 520 554
43 137 163 393 419 425 447 460 527 540 551
65 227 369 386 475 482 497 506 528 566 596
205 385 428 431 452 498 503 523 524 527 0
218 367 430 440 466 492 514 595 597 598 0
73 89 138 402 403 496 566 571 595 597 0
225 326 366 403 458 460 516 571 579 598 0
32 59 186 197 247 256 436 470 570 588 0
66 209 394 462 488 507 509 550 558 590 0
38 109 147 207 308 388 394 450 491 544 0
198 229 238 361 395 411 457 469 470 600 0
47 119 183 195 196 213 282 293 539 596 0
92 98 155 286 321 332 535 576 581 592 0
13 181 199 246 273 310 352 498 509 539 0
31 42 306 328 331 370 431 466 483 581 0
52 278 292 388 389 399 430 485 502 541 0
31 309 383 391 420 535 540 547 598 600 0
171 304 379 381 386 399 400 417 420 584 0
168 171 418 427 431 455 500 511 567 596 0
35 318 367 378 415 427 450 513 540 560 0
54 177 300 369 390 407 424 432 492 579 0
187 208 270 320 350 392 399 457 483 559 0
137 288 351 366 414 427 439 537 545 594 0
67 331 383 421 437 465 516 518 563 589 0
76 139 188 347 376 382 443 448 453 503 0
135 379 443 459 469 486 514 537 564 566 0
108 170 396 398 464 476 477 540 555 586 0
202 211 316 349 375 376 432 554 565 600 0
112 168 270 411 510 535 566 572 588 589 0
37 68 115 134 227 317 346 369 377 501 0
74 103 182 354 396 405 413 523 571 595 0
60 147 259 293 308 313 426 459 525 592 0
145 205 384 406 420 425 446 478 553 595 0
17 34 94 99 221 233 242 410 473 567 0
12 62 154 402 406 420 441 459 547 579 0
37 83 330 386 413 438 458 476 478 493 0
312 382 391 393 402 474 501 508 518 566 0
45 51 135 310 345 350 421 447 515 573 0
2 33 131 321 388 390 443 519 537 578 0
5 175 204 287 384 401 425 446 482 547 0
20 69 165 184 200 255 462 523 534 595 0
15 170 245 281 284 301 438 486 487 578 0
158 219 245 269 282 383 404 465 511 558 0
3 115 355 356 474 505 548 549 573 586 0
266 332 348 373 451 477 480 482 485 593 0
143 248 252 428 429 454 475 518 558 594 0
216 277 373 404 429 441 449 450 564 596 0
132 133 167 378 436 440 462 481 542 583 0
357 374 403 433 494 531 533 555 570 573 0
102 151 313 390 422 459 468 480 500 553 0
30 368 388 395 405 419 473 480 483 600 0
163 179 353 372 453 469 506 521 564 585 0
39 174 251 379 407 422 436 481 484 529 0
185 262 373 412 462 473 475 477 530 570 0
19 179 359 395 422 442 450 543 573 591 0
161 263 272 330 422 444 457 509 510 536 0
230 285 400 426 432 530 532 559 570 577 0
90 120 187 375 421 448 475 513 578 582 0
192 197 337 413 460 503 506 515 542 553 0
191 239 338 403 442 474 525 550 563 578 0
68 166 379 389 398 410 416 447 471 490 0
75 104 216 336 385 463 483 563 565 568 0
110 243 404 427 437 449 461 465 519 559 0
40 142 189 379 410 439 472 473 521 569 0
119 196 351 405 410 423 436 461 526 560 0
342 417 438 474 498 505 510 530 532 593 0
353 368 397 446 499 508 555 568 591 597 0
308 332 346 347 375 389 454 488 534 559 0
73 123 142 353 366 391 445 549 551 581 0
103 238 259 364 392 412 496 540 552 593 0
368 380 394 397 432 478 543 562 579 587 0
141 210 219 222 256 272 391 425 546 585 0
217 249 335 377 398 400 410 536 569 596 0
6 12 355 376 381 456 463 488 590 600 0
86 144 244 323 329 394 400 426 532 556 0
44 45 359 410 473 530 557 558 563 596 0
372 387 403 408 467 476 503 548 556 577 0
94 220 261 324 382 422 456 478 524 597 0
191 235 305 313 441 471 484 552 569 592 0
108 173 381 398 452 460 544 554 572 587 0
123 243 323 371 446 499 502 519 547 554 0
219 298 370 379 409 411 471 477 489 490 0
93 205 241 327 490 526 566 570 583 589 0
326 341 428 447 504 508 519 523 587 588 0
18 175 236 384 389 439 467 517 574 585 0
131 268 291 298 430 452 462 582 586 588 0
54 333 346 448 476 487 524 534 565 593 0
199 301 423 455 459 513 518 530 558 591 0
26 157 271 369 404 406 424 495 592 599 0
21 217 228 380 472 487 498 507 570 587 0
11 97 244 385 436 437 516 557 567 576 0
208 231 322 350 400 405 455 456 552 583 0
59 315 366 386 388 448 501 546 553 580 0
251 275 394 396 412 491 505 512 539 584 0
298 303 310 326 378 534 536 541 581 584 0
279 295 297 337 356 358 418 498 516 528 0
34 198 325 374 432 522 560 572 597 600 0
16 248 388 398 451 465 478 491 534 561 0
32 384 396 418 425 441 494 518 521 546 0
127 129 240 364 419 440 463 487 541 555 0
217 230 240 291 349 377 409 430 481 519 0
98 387 393 433 452 456 460 467 518 532 0
105 154 175 259 291 330 380 419 475 502 0
9 14 97 391 414 443 458 480 538 599 0
43 55 84 348 393 406 446 476 514 579 0
10 89 304 321 418 497 514 515 577 592 0
266 274 400 427 476 483 503 531 567 582 0
78 304 392 447 451 505 542 556 557 576 0
174 254 319 363 396 407 417 430 524 588 0
210 352 382 452 453 473 481 482 506 533 0
261 325 358 373 374 401 512 552 555 580 0
117 224 262 366 434 504 526 545 565 583 0
169 203 242 261 375 416 438 485 509 518 0
88 100 253 380 403 439 452 469 543 567 0
47 230 290 416 418 423 447 487 582 584 0
91 364 372 428 435 488 492 570 576 588 0
289 388 395 401 414 423 486 488 527 586 0
149 212 363 369 370 383 417 503 538 599 0
130 200 407 486 504 520 551 566 587 599 0
214 395 415 424 450 451 501 504 547 589 0
23 70 215 328 409 448 465 473 511 559 0
367 368 375 392 412 448 461 462 521 589 0
237 250 273 377 401 457 479 492 500 535 0
232 350 411 434 438 469 491 508 562 574 0
130 276 411 426 437 441 504 511 531 598 0
1 125 206 207 435 463 492 511 521 580 0
64 116 171 193 201 475 528 532 549 564 0
159 269 288 289 380 421 431 512 550 590 0
197 233 263 357 418 427 479 534 543 558 0
50 294 370 384 392 399 453 513 545 581 0
267 339 376 415 453 507 526 547 571 594 0
156 160 257 379 390 468 475 490 552 564 0
70 111 216 303 345 387 407 474 488 514 0
113 376 406 408 487 510 520 524 564 592 0
46 252 370 373 423 452 463 523 562 568 0
2 84 327 383 413 440 480 487 514 592 0
51 195 335 352 380 435 524 557 589 590 0
165 389 450 458 471 485 489 515 540 567 0
107 285 312 354 373 440 486 494 522 538 0
58 139 440 509 515 517 546 551 591 595 0
64 80 294 299 325 409 419 470 529 572 0
72 191 249 347 398 402 435 522 545 570 0
174 248 276 343 436 460 467 478 479 598 0
52 91 116 281 391 443 482 488 523 587 0
50 162 379 386 390 420 438 454 463 505 0
14 82 188 368 374 425 435 454 483 545 0
344 359 397 423 508 514 518 563 568 586 0
148 290 324 416 461 541 543 549 569 596 0
194 233 235 287 340 373 479 493 522 597 0
192 234 258 345 360 451 525 526 543 593 0
7 63 207 300 405 440 508 519 527 540 0
80 145 334 344 381 489 531 555 588 592 0
46 93 111 124 213 258 321 493 530 574 0
8 301 376 390 455 501 519 542 558 587 0
181 420 424 437 450 456 468 488 500 572 0
15 169 278 320 431 457 470 496 515 533 0
62 225 402 433 440 457 459 464 476 590 0
203 210 220 262 371 441 443 506 546 596 0
112 136 140 340 398 408 443 537 563 598 0
36 222 317 406 509 532 538 554 560 600 0
10 211 212 265 385 451 466 479 493 550 0
24 79 95 396 442 482 483 512 557 568 0
38 177 213 334 372 465 475 485 495 527 0
41 257 361 393 402 409 414 419 499 533 0
314 358 399 433 441 476 516 525 574 599 0
316 354 370 379 381 389 468 470 510 591 0
63 167 247 322 356 398 458 480 484 507 0
295 328 414 470 495 500 520 572 577 598 0
4 8 170 404 460 463 509 548 575 595 0
215 363 391 413 456 490 519 531 541 559 0
320 329 338 445 471 497 521 528 548 553 0
150 223 383 410 469 503 539 549 557 594 0
246 368 401 407 432 439 462 502 514 553 0
6 85 277 309 387 491 531 545 569 593 0
195 409 428 431 442 444 445 458 493 581 0
199 284 324 371 397 414 419 437 446 466 0
274 303 365 391 412 427 434 529 565 578 0
30 150 395 428 490 538 557 561 590 598 0
56 118 362 397 416 434 502 512 527 577 0
202 371 390 406 436 467 472 485 551 597 0
16 61 76 250 378 454 517 533 550 562 0
156 208 234 277 408 495 497 516 544 595 0
211 239 369 411 423 433 501 503 539 573 0
231 245 338 388 464 504 513 550 573 582 0
113 223 397 399 471 477 482 493 545 580 0
109 134 227 235 333 481 517 544 559 583 0
184 311 367 378 424 501 529 558 571 585 0
65 71 160 190 231 334 475 483 491 579 0
339 341 366 393 445 452 572 584 586 589 0
272 283 341 410 432 455 508 517 544 590 0
105 122 157 258 404 446 448 469 494 556 0
120 280 307 368 402 428 479 502 536 560 0
296 381 405 418 421 479 487 491 492 500 0
85 95 426 447 484 527 551 561 581 590 0
29 152 209 302 422 505 517 536 559 575 0
92 256 275 276 376 385 443 466 493 516 0
33 214 376 378 382 405 406 445 481 574 0
27 28 42 183 293 382 430 516 534 584 0
29 225 382 386 405 411 421 429 478 533 0
319 336 417 422 464 548 559 561 562 598 0
58 265 398 400 431 448 477 525 569 580 0
176 226 250 260 408 417 467 494 575 593 0
136 410 419 438 497 512 536 541 553 557 0
23 252 392 468 469 515 556 564 580 597 0
96 292 385 429 437 453 502 524 542 566 0
214 228 351 372 385 449 472 551 562 580 0
20 331 380 442 449 470 480 507 536 583 0
56 146 172 221 429 449 468 494 524 585 0
117 387 436 440 451 452 499 506 549 589 0
27 264 282 283 323 385 386 404 461 584 0
1 365 367 384 397 424 425 455 461 528 0
286 428 429 434 453 483 500 522 528 556 0
110 179 260 408 423 481 509 563 567 574 0
