900 450
9 11
2 2 2 2 2 2 2 2 2 2 2 2 2 2 2 2 2 2 2 2 2 2 2 2 2 2 2 2 2 2 2 2 2 2 2 2 2 2 2 2 2 2 2 2 2 2 2 2 2 2 2 2 2 2 2 2 2 2 2 2 2 2 2 2 2 2 2 2 2 2 2 2 2 2 2 2 2 2 2 2 2 2 2 2 2 2 2 2 2 2 2 2 2 2 2 2 2 2 2 2 2 2 2 2 2 2 2 2 2 2 2 2 2 2 2 2 2 2 2 2 2 2 2 2 2 2 2 2 2 2 2 2 2 2 2 2 2 2 2 2 2 2 2 2 2 2 2 2 2 2 2 2 2 2 2 2 2 2 2 2 2 2 2 2 2 2 2 2 2 2 2 2 2 2 2 2 2 2 2 2 2 2 2 2 2 2 2 2 2 2 2 2 2 2 2 2 2 2 2 2 2 2 2 2 2 2 2 2 2 2 2 2 2 2 2 2 2 2 2 2 2 2 2 2 2 2 2 2 2 2 2 2 2 2 2 2 2 2 2 2 2 2 2 2 2 2 2 2 3 3 3 3 3 3 3 3 3 3 3 3 3 3 3 3 3 3 3 3 3 3 3 3 3 3 3 3 3 3 3 3 3 3 3 3 3 3 3 3 3 3 3 3 3 3 3 3 3 3 3 3 3 3 3 3 3 3 3 3 3 3 3 3 3 3 3 3 3 3 3 3 3 3 3 3 3 3 3 3 3 3 3 3 3 3 3 3 3 3 3 3 3 3 3 3 3 3 3 3 3 3 3 3 3 3 3 3 3 3 3 3 3 3 3 3 3 3 3 3 3 3 3 3 3 3 3 3 3 3 3 3 3 3 3 3 3 3 3 3 3 3 3 3 3 3 3 3 3 3 3 3 3 3 3 3 3 3 3 3 3 3 3 3 3 3 3 3 3 3 3 3 3 3 3 3 3 3 3 3 3 3 3 3 3 3 3 3 3 3 3 3 3 3 3 3 3 3 3 3 3 3 3 3 3 3 3 3 3 3 3 3 3 3 3 3 3 3 3 3 3 3 3 3 3 3 3 3 3 3 4 4 4 4 4 4 4 4 4 4 4 4 4 4 4 4 4 4 4 4 4 4 4 4 4 4 4 4 4 4 4 4 4 4 4 4 4 4 4 4 4 4 4 4 4 4 4 4 4 4 4 4 4 4 4 4 4 4 4 4 4 4 4 4 4 4 4 4 4 9 9 9 9 9 9 9 9 9 9 9 9 9 9 9 9 9 9 9 9 9 9 9 9 9 9 9 9 9 9 9 9 9 9 9 9 9 9 9 9 9 9 9 9 9 9 9 9 9 9 9 9 9 9 9 9 9 9 9 9 9 9 9 9 9 9 9 9 9 9 9 9 9 9 9 9 9 9 9 9 9 9 9 9 9 9 9 9 9 9 9 9 9 9 9 9 9 9 9 9 9 9 9 9 9 9 9 9 9 9 9 9 9 9 9 9 9 9 9 9 9 9 9 9 9 9 9 9 9 9 9 9 9 9 9 9 9 9 9 9 9 9 9 9 9 9 9 9 9 9 9 9 9 9 9 9 9 9 9 9 9 9 9 9 9 9 9 9 9 9 9 9 9 9 9 9 9 9 9 9 9 9 9 9 9 9 9 9 9 9 9 9 9 9 9 9 9 9 9 9 9 9 9 9 9 9 9 9 9 9 9 9 9 9 9 9 9 9 9 9 9 9 9 9 9 9 9 9 9 9 9 9 9 9 9 9 9 9 9 9 9 9 9 9 9 9 9 9 9 9 9 9 9 9 9 9 9 9 9 9 9 9 9 9 9 9 9 9 9 9 9 9 9 9 9 9 9 9 9 9 9 9 9 9 9 9 9 9 9 9 9 9 9 9 9 9 9 9 9 9 9 9 9 9 9 9 9 9 9 9 9 9 9 9 9 9 9 9 9 9 9 9 9 9 9 9 9 9 9 9 9 9 9 9 9 9 9 9 9 9 9 9 9 9 9 9 9 9 9 9 9 9 9
11 11 11 11 11 11 11 11 11 11 11 11 11 11 11 11 11 11 11 11 11 11 11 11 11 11 11 11 11 11 11 11 11 11 11 11 11 11 11 11 11 11 11 11 11 11 11 11 11 11 11 11 11 11 11 11 11 11 11 11 11 11 11 11 11 11 11 11 11 11 11 11 11 11 11 11 11 11 11 11 11 11 11 11 11 11 11 11 11 11 11 11 11 11 11 11 11 11 11 11 11 11 11 11 11 11 11 11 11 11 11 11 11 11 11 11 11 11 11 11 11 11 11 11 11 11 11 11 11 11 11 11 11 11 11 11 11 11 11 10 10 10 10 10 10 10 10 10 10 10 10 10 10 10 10 10 10 10 10 10 10 10 10 10 10 10 10 10 10 10 10 10 10 10 10 10 10 10 10 10 10 10 10 10 10 10 10 10 10 10 10 10 10 10 10 10 10 10 10 10 10 10 10 10 10 10 10 10 10 10 10 10 10 10 10 10 10 10 10 10 10 10 10 10 10 10 10 10 10 10 10 10 10 10 10 10 10 10 10 10 10 10 10 10 10 10 10 10 10 10 10 10 10 10 10 10 10 10 10 10 10 10 10 10 10 10 10 10 10 10 10 10 10 10 10 10 10 10 10 10 10 10 10 10 10 10 10 10 10 10 10 10 10 10 10 10 10 10 10 10 10 10 10 10 10 10 10 10 10 10 10 10 10 10 10 10 10 10 10 10 10 10 10 10 10 10 10 10 10 10 10 10 10 10 10 10 10 10 10 10 10 10 10 10 10 10 10 10 10 10 10 10 10 10 10 10 10 10 10 10 10 10 10 10 10 10 10 10 10 10 10 10 10 10 10 10 10 10 10 10 10 10 10 10 10 10 10 10 10 10 10 10 10 10 10 10 10 10 10 10 10 10 10 10 10 10 10 10 10 10 10 10 10 10 10 10 10 10 10 10 10 10 10 10 10 10 10 10 10 10 10 10 10 10 10 10 10 10 10 10 10 10 10 10 10 10 10 10 10 10
322 447 0 0 0 0 0 0 0
189 337 0 0 0 0 0 0 0
45 199 0 0 0 0 0 0 0
93 381 0 0 0 0 0 0 0
111 193 0 0 0 0 0 0 0
243 391 0 0 0 0 0 0 0
99 352 0 0 0 0 0 0 0
360 386 0 0 0 0 0 0 0
37 279 0 0 0 0 0 0 0
282 364 0 0 0 0 0 0 0
21 263 0 0 0 0 0 0 0
185 235 0 0 0 0 0 0 0
54 153 0 0 0 0 0 0 0
283 339 0 0 0 0 0 0 0
189 366 0 0 0 0 0 0 0
280 388 0 0 0 0 0 0 0
107 166 0 0 0 0 0 0 0
106 253 0 0 0 0 0 0 0
27 194 0 0 0 0 0 0 0
182 441 0 0 0 0 0 0 0
103 265 0 0 0 0 0 0 0
11 56 0 0 0 0 0 0 0
309 434 0 0 0 0 0 0 0
354 384 0 0 0 0 0 0 0
87 110 0 0 0 0 0 0 0
56 239 0 0 0 0 0 0 0
430 449 0 0 0 0 0 0 0
28 421 0 0 0 0 0 0 0
402 417 0 0 0 0 0 0 0
199 396 0 0 0 0 0 0 0
139 147 0 0 0 0 0 0 0
117 252 0 0 0 0 0 0 0
157 429 0 0 0 0 0 0 0
160 243 0 0 0 0 0 0 0
66 154 0 0 0 0 0 0 0
112 357 0 0 0 0 0 0 0
149 156 0 0 0 0 0 0 0
64 364 0 0 0 0 0 0 0
110 194 0 0 0 0 0 0 0
107 213 0 0 0 0 0 0 0
37 344 0 0 0 0 0 0 0
139 399 0 0 0 0 0 0 0
100 256 0 0 0 0 0 0 0
202 414 0 0 0 0 0 0 0
183 230 0 0 0 0 0 0 0
320 351 0 0 0 0 0 0 0
112 273 0 0 0 0 0 0 0
16 64 0 0 0 0 0 0 0
248 440 0 0 0 0 0 0 0
321 328 0 0 0 0 0 0 0
92 170 0 0 0 0 0 0 0
130 331 0 0 0 0 0 0 0
22 119 0 0 0 0 0 0 0
137 244 0 0 0 0 0 0 0
55 288 0 0 0 0 0 0 0
377 397 0 0 0 0 0 0 0
68 411 0 0 0 0 0 0 0
316 415 0 0 0 0 0 0 0
109 220 0 0 0 0 0 0 0
50 131 0 0 0 0 0 0 0
25 397 0 0 0 0 0 0 0
122 326 0 0 0 0 0 0 0
304 335 0 0 0 0 0 0 0
293 295 0 0 0 0 0 0 0
118 380 0 0 0 0 0 0 0
92 448 0 0 0 0 0 0 0
54 107 0 0 0 0 0 0 0
130 191 0 0 0 0 0 0 0
68 175 0 0 0 0 0 0 0
245 330 0 0 0 0 0 0 0
94 413 0 0 0 0 0 0 0
77 101 0 0 0 0 0 0 0
208 255 0 0 0 0 0 0 0
75 150 0 0 0 0 0 0 0
73 432 0 0 0 0 0 0 0
124 347 0 0 0 0 0 0 0
112 448 0 0 0 0 0 0 0
24 241 0 0 0 0 0 0 0
32 315 0 0 0 0 0 0 0
298 333 0 0 0 0 0 0 0
53 81 0 0 0 0 0 0 0
46 305 0 0 0 0 0 0 0
181 444 0 0 0 0 0 0 0
231 289 0 0 0 0 0 0 0
318 359 0 0 0 0 0 0 0
80 240 0 0 0 0 0 0 0
93 412 0 0 0 0 0 0 0
44 253 0 0 0 0 0 0 0
86 259 0 0 0 0 0 0 0
75 185 0 0 0 0 0 0 0
282 307 0 0 0 0 0 0 0
115 336 0 0 0 0 0 0 0
222 329 0 0 0 0 0 0 0
176 179 0 0 0 0 0 0 0
311 421 0 0 0 0 0 0 0
99 397 0 0 0 0 0 0 0
191 200 0 0 0 0 0 0 0
133 228 0 0 0 0 0 0 0
134 442 0 0 0 0 0 0 0
43 255 0 0 0 0 0 0 0
16 19 0 0 0 0 0 0 0
11 135 0 0 0 0 0 0 0
80 186 0 0 0 0 0 0 0
130 386 0 0 0 0 0 0 0
281 394 0 0 0 0 0 0 0
66 183 0 0 0 0 0 0 0
33 326 0 0 0 0 0 0 0
165 246 0 0 0 0 0 0 0
79 326 0 0 0 0 0 0 0
184 392 0 0 0 0 0 0 0
279 345 0 0 0 0 0 0 0
167 283 0 0 0 0 0 0 0
278 321 0 0 0 0 0 0 0
127 386 0 0 0 0 0 0 0
81 178 0 0 0 0 0 0 0
255 268 0 0 0 0 0 0 0
193 355 0 0 0 0 0 0 0
89 283 0 0 0 0 0 0 0
37 118 0 0 0 0 0 0 0
197 313 0 0 0 0 0 0 0
417 449 0 0 0 0 0 0 0
24 350 0 0 0 0 0 0 0
148 220 0 0 0 0 0 0 0
277 431 0 0 0 0 0 0 0
40 233 0 0 0 0 0 0 0
31 52 0 0 0 0 0 0 0
10 206 0 0 0 0 0 0 0
16 423 0 0 0 0 0 0 0
25 275 0 0 0 0 0 0 0
160 191 0 0 0 0 0 0 0
180 225 0 0 0 0 0 0 0
194 399 0 0 0 0 0 0 0
45 107 0 0 0 0 0 0 0
49 349 0 0 0 0 0 0 0
131 187 0 0 0 0 0 0 0
138 434 0 0 0 0 0 0 0
34 47 0 0 0 0 0 0 0
67 384 0 0 0 0 0 0 0
113 362 0 0 0 0 0 0 0
53 243 0 0 0 0 0 0 0
20 247 0 0 0 0 0 0 0
202 209 0 0 0 0 0 0 0
81 191 0 0 0 0 0 0 0
43 124 0 0 0 0 0 0 0
138 323 0 0 0 0 0 0 0
40 87 0 0 0 0 0 0 0
40 329 0 0 0 0 0 0 0
62 82 0 0 0 0 0 0 0
220 267 0 0 0 0 0 0 0
68 320 0 0 0 0 0 0 0
162 362 0 0 0 0 0 0 0
60 436 0 0 0 0 0 0 0
114 255 0 0 0 0 0 0 0
160 357 0 0 0 0 0 0 0
3 71 0 0 0 0 0 0 0
52 298 0 0 0 0 0 0 0
271 345 0 0 0 0 0 0 0
62 204 0 0 0 0 0 0 0
167 171 0 0 0 0 0 0 0
287 317 0 0 0 0 0 0 0
368 419 0 0 0 0 0 0 0
57 175 0 0 0 0 0 0 0
83 422 0 0 0 0 0 0 0
11 180 0 0 0 0 0 0 0
198 269 0 0 0 0 0 0 0
192 332 0 0 0 0 0 0 0
358 406 0 0 0 0 0 0 0
153 323 0 0 0 0 0 0 0
104 127 0 0 0 0 0 0 0
9 141 0 0 0 0 0 0 0
302 417 0 0 0 0 0 0 0
199 379 0 0 0 0 0 0 0
37 145 0 0 0 0 0 0 0
124 275 0 0 0 0 0 0 0
75 296 0 0 0 0 0 0 0
195 426 0 0 0 0 0 0 0
15 122 0 0 0 0 0 0 0
180 245 0 0 0 0 0 0 0
38 157 0 0 0 0 0 0 0
127 216 0 0 0 0 0 0 0
269 345 0 0 0 0 0 0 0
4 78 0 0 0 0 0 0 0
21 190 0 0 0 0 0 0 0
68 351 0 0 0 0 0 0 0
20 91 0 0 0 0 0 0 0
91 96 0 0 0 0 0 0 0
109 348 0 0 0 0 0 0 0
338 408 0 0 0 0 0 0 0
8 111 0 0 0 0 0 0 0
18 35 0 0 0 0 0 0 0
129 360 0 0 0 0 0 0 0
80 132 0 0 0 0 0 0 0
21 341 0 0 0 0 0 0 0
66 111 0 0 0 0 0 0 0
196 435 0 0 0 0 0 0 0
3 423 0 0 0 0 0 0 0
125 394 0 0 0 0 0 0 0
102 158 0 0 0 0 0 0 0
416 445 0 0 0 0 0 0 0
55 207 0 0 0 0 0 0 0
370 443 0 0 0 0 0 0 0
49 271 0 0 0 0 0 0 0
68 212 0 0 0 0 0 0 0
67 335 0 0 0 0 0 0 0
158 350 0 0 0 0 0 0 0
9 324 0 0 0 0 0 0 0
170 311 0 0 0 0 0 0 0
439 440 0 0 0 0 0 0 0
121 245 0 0 0 0 0 0 0
279 339 0 0 0 0 0 0 0
141 234 0 0 0 0 0 0 0
339 429 0 0 0 0 0 0 0
33 313 0 0 0 0 0 0 0
118 430 0 0 0 0 0 0 0
40 410 0 0 0 0 0 0 0
6 364 0 0 0 0 0 0 0
149 327 0 0 0 0 0 0 0
8 298 0 0 0 0 0 0 0
56 111 0 0 0 0 0 0 0
28 59 0 0 0 0 0 0 0
368 382 0 0 0 0 0 0 0
206 262 0 0 0 0 0 0 0
70 438 0 0 0 0 0 0 0
179 425 0 0 0 0 0 0 0
32 37 0 0 0 0 0 0 0
355 407 0 0 0 0 0 0 0
43 128 0 0 0 0 0 0 0
179 218 0 0 0 0 0 0 0
45 202 0 0 0 0 0 0 0
32 318 0 0 0 0 0 0 0
413 417 0 0 0 0 0 0 0
17 306 0 0 0 0 0 0 0
36 95 0 0 0 0 0 0 0
151 283 0 0 0 0 0 0 0
95 133 0 0 0 0 0 0 0
254 377 0 0 0 0 0 0 0
44 149 0 0 0 0 0 0 0
213 283 0 0 0 0 0 0 0
243 435 0 0 0 0 0 0 0
105 376 0 0 0 0 0 0 0
420 445 0 0 0 0 0 0 0
39 262 0 0 0 0 0 0 0
138 352 0 0 0 0 0 0 0
210 384 0 0 0 0 0 0 0
352 422 0 0 0 0 0 0 0
237 357 0 0 0 0 0 0 0
329 332 0 0 0 0 0 0 0
11 58 0 0 0 0 0 0 0
375 396 409 0 0 0 0 0 0
302 391 413 0 0 0 0 0 0
57 166 176 0 0 0 0 0 0
64 136 365 0 0 0 0 0 0
85 186 355 0 0 0 0 0 0
249 288 337 0 0 0 0 0 0
59 347 371 0 0 0 0 0 0
65 373 403 0 0 0 0 0 0
343 420 443 0 0 0 0 0 0
41 73 235 0 0 0 0 0 0
251 311 367 0 0 0 0 0 0
34 271 338 0 0 0 0 0 0
1 231 311 0 0 0 0 0 0
91 351 363 0 0 0 0 0 0
38 214 241 0 0 0 0 0 0
213 304 377 0 0 0 0 0 0
41 202 450 0 0 0 0 0 0
25 343 416 0 0 0 0 0 0
89 99 297 0 0 0 0 0 0
163 164 330 0 0 0 0 0 0
168 267 315 0 0 0 0 0 0
42 84 372 0 0 0 0 0 0
19 30 68 0 0 0 0 0 0
119 124 179 0 0 0 0 0 0
101 294 381 0 0 0 0 0 0
135 141 218 0 0 0 0 0 0
143 370 387 0 0 0 0 0 0
104 158 223 0 0 0 0 0 0
120 147 388 0 0 0 0 0 0
216 266 426 0 0 0 0 0 0
145 276 423 0 0 0 0 0 0
84 181 409 0 0 0 0 0 0
224 304 426 0 0 0 0 0 0
302 372 380 0 0 0 0 0 0
102 241 397 0 0 0 0 0 0
214 233 415 0 0 0 0 0 0
314 400 431 0 0 0 0 0 0
119 346 406 0 0 0 0 0 0
21 26 78 0 0 0 0 0 0
387 412 442 0 0 0 0 0 0
8 72 110 0 0 0 0 0 0
210 335 371 0 0 0 0 0 0
47 53 433 0 0 0 0 0 0
38 64 222 0 0 0 0 0 0
48 171 250 0 0 0 0 0 0
72 123 393 0 0 0 0 0 0
193 197 448 0 0 0 0 0 0
95 212 418 0 0 0 0 0 0
30 78 164 0 0 0 0 0 0
130 275 328 0 0 0 0 0 0
134 161 165 0 0 0 0 0 0
26 85 132 0 0 0 0 0 0
77 324 333 0 0 0 0 0 0
22 182 431 0 0 0 0 0 0
85 227 413 0 0 0 0 0 0
41 216 244 0 0 0 0 0 0
129 331 336 0 0 0 0 0 0
78 119 391 0 0 0 0 0 0
265 351 429 0 0 0 0 0 0
8 82 286 0 0 0 0 0 0
35 198 243 0 0 0 0 0 0
110 307 310 0 0 0 0 0 0
144 191 228 0 0 0 0 0 0
27 180 294 0 0 0 0 0 0
117 288 351 0 0 0 0 0 0
320 334 376 0 0 0 0 0 0
29 31 348 0 0 0 0 0 0
69 134 227 0 0 0 0 0 0
125 403 416 0 0 0 0 0 0
200 279 282 0 0 0 0 0 0
186 260 449 0 0 0 0 0 0
71 308 442 0 0 0 0 0 0
64 119 147 0 0 0 0 0 0
140 338 367 0 0 0 0 0 0
116 155 366 0 0 0 0 0 0
135 240 379 0 0 0 0 0 0
18 260 318 0 0 0 0 0 0
107 300 449 0 0 0 0 0 0
125 176 296 0 0 0 0 0 0
196 292 332 0 0 0 0 0 0
61 156 366 0 0 0 0 0 0
44 128 297 0 0 0 0 0 0
142 332 417 0 0 0 0 0 0
170 379 425 0 0 0 0 0 0
25 390 406 0 0 0 0 0 0
115 139 404 0 0 0 0 0 0
5 10 45 0 0 0 0 0 0
102 351 405 0 0 0 0 0 0
89 227 292 0 0 0 0 0 0
65 144 410 0 0 0 0 0 0
50 121 355 0 0 0 0 0 0
18 147 448 0 0 0 0 0 0
18 66 445 0 0 0 0 0 0
224 296 437 0 0 0 0 0 0
238 328 383 0 0 0 0 0 0
146 273 290 0 0 0 0 0 0
82 299 380 0 0 0 0 0 0
75 199 207 0 0 0 0 0 0
47 56 235 0 0 0 0 0 0
120 157 214 0 0 0 0 0 0
211 325 343 0 0 0 0 0 0
94 207 238 0 0 0 0 0 0
202 203 369 0 0 0 0 0 0
14 16 250 0 0 0 0 0 0
191 308 445 0 0 0 0 0 0
2 20 115 0 0 0 0 0 0
136 316 425 0 0 0 0 0 0
76 112 395 0 0 0 0 0 0
217 322 344 0 0 0 0 0 0
150 152 401 0 0 0 0 0 0
181 254 336 0 0 0 0 0 0
103 309 380 0 0 0 0 0 0
36 217 268 0 0 0 0 0 0
61 217 255 0 0 0 0 0 0
172 345 434 0 0 0 0 0 0
19 372 441 0 0 0 0 0 0
173 321 437 0 0 0 0 0 0
134 238 317 0 0 0 0 0 0
168 260 295 0 0 0 0 0 0
336 355 441 0 0 0 0 0 0
150 158 184 0 0 0 0 0 0
116 340 342 0 0 0 0 0 0
327 389 447 0 0 0 0 0 0
239 270 400 0 0 0 0 0 0
226 297 419 0 0 0 0 0 0
71 88 396 0 0 0 0 0 0
266 421 439 0 0 0 0 0 0
38 213 367 0 0 0 0 0 0
32 261 450 0 0 0 0 0 0
22 154 406 0 0 0 0 0 0
58 196 313 0 0 0 0 0 0
127 282 331 0 0 0 0 0 0
116 167 343 0 0 0 0 0 0
22 319 348 0 0 0 0 0 0
219 390 425 0 0 0 0 0 0
305 354 368 0 0 0 0 0 0
211 412 419 0 0 0 0 0 0
234 279 381 0 0 0 0 0 0
55 111 139 0 0 0 0 0 0
197 245 317 0 0 0 0 0 0
237 264 407 0 0 0 0 0 0
180 185 378 0 0 0 0 0 0
67 155 224 0 0 0 0 0 0
40 100 382 0 0 0 0 0 0
50 390 437 0 0 0 0 0 0
42 240 415 0 0 0 0 0 0
43 90 386 0 0 0 0 0 0
82 164 219 0 0 0 0 0 0
267 268 432 0 0 0 0 0 0
21 119 157 0 0 0 0 0 0
219 261 427 0 0 0 0 0 0
159 233 320 0 0 0 0 0 0
162 314 411 0 0 0 0 0 0
102 250 324 0 0 0 0 0 0
85 257 396 0 0 0 0 0 0
259 280 307 0 0 0 0 0 0
268 439 446 0 0 0 0 0 0
185 223 236 0 0 0 0 0 0
77 275 416 0 0 0 0 0 0
178 303 446 0 0 0 0 0 0
85 94 153 0 0 0 0 0 0
7 164 446 0 0 0 0 0 0
84 90 434 0 0 0 0 0 0
83 93 202 0 0 0 0 0 0
317 364 436 0 0 0 0 0 0
19 108 204 0 0 0 0 0 0
65 79 440 0 0 0 0 0 0
15 172 316 0 0 0 0 0 0
39 363 442 0 0 0 0 0 0
136 140 348 0 0 0 0 0 0
61 305 328 0 0 0 0 0 0
114 152 414 0 0 0 0 0 0
98 340 353 0 0 0 0 0 0
287 289 419 0 0 0 0 0 0
203 353 431 0 0 0 0 0 0
12 148 249 0 0 0 0 0 0
87 207 242 0 0 0 0 0 0
104 142 238 0 0 0 0 0 0
51 71 95 0 0 0 0 0 0
43 227 236 0 0 0 0 0 0
71 288 354 0 0 0 0 0 0
50 267 388 0 0 0 0 0 0
212 273 387 0 0 0 0 0 0
103 138 175 0 0 0 0 0 0
7 136 437 0 0 0 0 0 0
4 91 101 0 0 0 0 0 0
58 71 281 0 0 0 0 0 0
144 243 303 0 0 0 0 0 0
47 65 186 0 0 0 0 0 0
240 324 450 0 0 0 0 0 0
116 191 207 0 0 0 0 0 0
219 242 343 0 0 0 0 0 0
24 95 229 0 0 0 0 0 0
81 305 376 0 0 0 0 0 0
148 403 441 0 0 0 0 0 0
57 310 392 0 0 0 0 0 0
232 363 442 0 0 0 0 0 0
7 19 142 0 0 0 0 0 0
156 221 300 0 0 0 0 0 0
45 178 382 0 0 0 0 0 0
5 204 376 0 0 0 0 0 0
16 61 346 0 0 0 0 0 0
15 323 368 0 0 0 0 0 0
12 45 398 0 0 0 0 0 0
22 107 395 0 0 0 0 0 0
104 169 179 0 0 0 0 0 0
55 163 261 0 0 0 0 0 0
27 267 295 0 0 0 0 0 0
34 58 276 0 0 0 0 0 0
58 245 271 0 0 0 0 0 0
164 318 329 0 0 0 0 0 0
113 293 310 0 0 0 0 0 0
31 90 312 0 0 0 0 0 0
9 174 362 0 0 0 0 0 0
161 221 272 0 0 0 0 0 0
57 261 424 0 0 0 0 0 0
129 291 399 0 0 0 0 0 0
9 262 432 0 0 0 0 0 0
59 216 276 0 0 0 0 0 0
95 151 252 0 0 0 0 0 0
57 128 328 0 0 0 0 0 0
227 257 423 0 0 0 0 0 0
14 76 361 0 0 0 0 0 0
105 220 402 0 0 0 0 0 0
73 107 449 0 0 0 0 0 0
4 82 154 0 0 0 0 0 0
6 135 438 0 0 0 0 0 0
6 165 176 0 0 0 0 0 0
39 59 399 0 0 0 0 0 0
67 97 205 0 0 0 0 0 0
90 163 240 414 0 0 0 0 0
100 115 398 417 0 0 0 0 0
72 226 233 412 0 0 0 0 0
2 129 138 408 0 0 0 0 0
36 72 351 400 0 0 0 0 0
134 166 399 444 0 0 0 0 0
14 108 131 329 0 0 0 0 0
104 139 254 258 0 0 0 0 0
6 117 236 320 0 0 0 0 0
137 187 216 283 0 0 0 0 0
70 279 295 392 0 0 0 0 0
4 72 96 305 0 0 0 0 0
50 132 137 405 0 0 0 0 0
2 289 414 421 0 0 0 0 0
7 12 193 259 0 0 0 0 0
6 189 379 401 0 0 0 0 0
128 153 208 306 0 0 0 0 0
10 50 232 312 0 0 0 0 0
59 61 115 225 0 0 0 0 0
22 106 316 329 0 0 0 0 0
56 83 157 171 0 0 0 0 0
108 188 210 321 0 0 0 0 0
11 35 114 369 0 0 0 0 0
124 204 228 355 0 0 0 0 0
55 112 121 422 0 0 0 0 0
56 220 296 365 0 0 0 0 0
33 54 414 420 0 0 0 0 0
33 224 240 372 0 0 0 0 0
24 38 242 251 0 0 0 0 0
51 99 136 297 0 0 0 0 0
14 215 273 450 0 0 0 0 0
91 219 235 300 0 0 0 0 0
76 287 300 326 0 0 0 0 0
100 171 263 346 0 0 0 0 0
95 230 249 330 0 0 0 0 0
27 247 335 435 0 0 0 0 0
48 116 194 266 0 0 0 0 0
62 96 278 307 0 0 0 0 0
167 263 424 428 0 0 0 0 0
15 80 186 192 0 0 0 0 0
40 212 376 433 0 0 0 0 0
91 332 406 434 0 0 0 0 0
9 38 207 335 0 0 0 0 0
45 183 204 299 0 0 0 0 0
47 106 161 428 0 0 0 0 0
23 132 269 282 0 0 0 0 0
126 229 297 365 0 0 0 0 0
88 101 186 277 0 0 0 0 0
170 171 402 414 0 0 0 0 0
30 269 371 434 0 0 0 0 0
94 228 373 397 0 0 0 0 0
74 234 278 381 0 0 0 0 0
69 74 132 342 0 0 0 0 0
31 223 319 348 0 0 0 0 0
106 280 299 418 0 0 0 0 0
66 187 290 321 0 0 0 0 0
16 67 300 314 0 0 0 0 0
17 161 181 396 0 0 0 0 0
32 203 399 404 0 0 0 0 0
76 209 349 415 0 0 0 0 0
36 40 66 353 0 0 0 0 0
88 131 290 378 0 0 0 0 0
37 188 292 419 0 0 0 0 0
96 251 327 450 0 0 0 0 0
196 289 314 428 0 0 0 0 0
178 190 281 321 0 0 0 0 0
120 228 360 436 0 0 0 0 0
70 92 224 303 0 0 0 0 0
61 75 90 375 0 0 0 0 0
13 64 71 173 180 236 259 314 378
51 63 111 156 258 329 394 395 448
54 62 75 99 126 171 177 324 427
10 77 104 146 218 272 274 291 307
71 166 205 213 231 327 342 422 430
24 86 163 200 248 280 294 368 385
7 56 58 199 231 276 337 350 384
9 39 52 82 90 111 182 272 386
5 34 43 69 192 196 201 327 430
14 83 160 190 304 343 373 377 407
125 209 232 251 255 310 393 407 437
29 35 42 76 141 209 257 378 392
23 47 86 98 104 286 303 331 430
45 60 106 232 235 312 369 407 432
105 158 167 177 182 228 248 259 405
89 110 136 202 206 292 298 305 385
35 37 55 208 239 301 323 379 393
20 84 158 176 276 341 354 356 435
14 60 62 97 180 188 257 292 317
65 89 179 185 217 229 325 339 421
29 200 235 254 285 289 333 401 436
8 36 55 117 185 229 268 341 432
198 222 244 275 302 340 355 363 370
66 84 174 237 249 300 355 404 406
72 83 116 182 194 223 251 292 318
13 86 92 101 262 326 343 353 441
97 126 151 159 187 201 217 223 391
29 148 181 217 244 324 368 388 407
30 127 156 200 213 274 278 320 401
1 44 50 88 226 291 322 356 373
74 124 160 196 225 256 290 304 386
41 50 63 116 197 262 266 288 318
91 113 122 127 177 209 228 371 423
19 129 195 203 227 360 363 373 388
161 191 230 267 270 276 289 296 438
39 85 104 129 169 214 325 336 350
28 56 97 154 175 238 254 384 416
93 176 196 197 252 275 322 370 419
1 111 116 133 155 218 224 274 422
9 12 226 246 252 290 306 401 444
52 107 213 266 328 372 404 424 435
37 106 147 248 331 344 347 357 383
65 72 121 163 175 309 339 375 423
16 30 78 145 153 183 322 396 421
48 87 108 148 260 273 332 342 405
1 114 189 207 261 294 319 408 410
61 89 116 207 244 251 255 348 386
19 76 119 120 153 167 215 218 349
77 85 99 114 167 209 288 316 438
24 126 206 274 301 369 374 383 398
17 47 96 216 245 337 388 419 430
7 17 128 181 183 263 281 332 431
20 28 30 78 205 214 283 337 358
10 31 49 113 122 174 230 296 381
28 65 109 124 138 174 194 332 383
20 34 96 98 183 215 226 361 436
50 65 99 192 232 290 315 391 394
128 187 210 238 289 296 335 350 440
12 128 208 226 234 262 306 363 406
113 124 207 230 371 393 401 403 410
1 61 96 232 284 338 346 379 421
45 79 107 109 123 152 162 172 301
27 59 117 121 154 167 221 258 436
13 92 237 245 260 281 306 349 409
79 139 159 179 203 220 250 358 440
29 46 49 72 78 103 114 130 258
31 128 175 243 257 263 287 334 365
63 131 134 135 206 277 299 347 377
5 17 54 60 119 172 230 308 364
32 52 102 125 263 319 381 404 409
26 49 81 92 145 254 282 372 375
76 99 129 203 210 212 272 389 394
35 194 197 211 212 239 256 293 405
23 61 214 233 273 303 352 398 437
36 37 200 222 257 286 311 315 361
43 77 86 112 121 128 177 379 420
44 71 83 143 315 361 391 405 437
18 82 119 246 271 308 345 385 395
57 195 278 287 317 337 339 357 378
81 96 110 115 154 165 196 348 356
106 149 193 216 246 256 338 410 448
57 64 176 187 250 283 285 382 428
10 76 77 146 235 268 293 380 428
108 142 223 340 356 407 417 428 447
78 106 118 285 291 303 359 371 444
45 93 102 153 158 251 291 341 372
11 109 147 168 262 289 347 359 418
1 58 84 104 160 250 274 307 393
41 54 60 155 237 241 246 255 370
3 55 93 98 118 131 184 190 192
88 93 120 286 366 411 413 420 433
69 78 173 229 249 279 361 392 409
22 171 173 267 274 309 350 405 433
149 161 175 221 286 351 376 438 448
27 32 54 162 241 278 333 422 435
5 15 60 222 242 320 359 394 440
6 51 62 212 244 297 301 341 387
42 159 177 210 260 323 398 413 415
31 112 115 237 302 364 374 408 414
9 38 98 108 142 198 328 367 429
23 98 178 245 349 382 411 413 418
10 31 77 264 280 312 427 429 431
44 64 113 193 252 256 276 424 443
26 65 93 164 190 192 238 271 357
32 165 202 219 253 302 358 402 414
20 120 172 177 303 316 324 342 410
44 51 184 195 261 325 361 368 410
23 36 92 110 160 162 187 189 314
33 55 101 152 224 304 353 418 436
4 6 24 165 324 325 340 390 447
21 46 48 78 156 230 246 265 328
32 89 101 153 158 174 178 246 312
90 118 128 169 199 236 309 360 439
2 12 26 66 129 293 365 385 397
12 29 79 88 94 131 329 389 417
110 132 197 206 235 321 330 430 450
33 50 82 113 136 180 359 373 447
138 153 181 262 264 285 298 315 394
4 88 102 115 152 203 216 218 252
24 119 198 271 357 408 413 442 446
73 86 92 108 256 291 383 419 439
9 123 161 194 331 368 375 401 420
34 114 125 152 168 254 278 382 418
18 44 101 189 274 300 339 351 428
63 86 136 220 266 290 297 365 429
26 76 93 140 258 299 336 402 415
40 53 121 258 287 337 344 426 437
53 136 156 163 325 326 334 357 388
30 91 190 288 339 377 415 424 449
21 28 57 115 214 329 389 402 412
19 63 123 124 221 258 299 304 360
42 56 72 192 210 305 309 390 443
2 101 156 218 260 348 354 402 438
21 46 95 130 164 233 298 397 442
27 67 257 310 317 364 387 399 426
1 55 119 159 233 240 310 337 366
21 51 207 208 270 313 330 346 381
57 73 143 155 201 229 233 287 367
12 39 54 195 231 250 313 331 374
8 51 62 88 117 222 277 313 418
52 60 114 159 203 256 259 270 366
70 98 129 165 249 358 362 411 447
17 27 70 80 99 181 193 376 385
21 63 69 206 249 287 397 408 446
84 159 171 189 262 275 373 374 417
146 150 172 222 234 294 300 415 441
7 23 59 86 120 177 183 254 369
65 81 100 113 131 143 205 249 448
97 103 163 235 245 291 412 430 432
19 48 66 141 143 273 285 302 379
29 101 132 227 286 333 415 440 450
6 51 109 145 213 247 310 312 384
63 92 115 149 188 230 268 269 422
2 4 28 30 135 334 349 350 377
41 49 82 83 199 242 397 427 435
1 30 120 231 258 268 269 317 334
61 72 97 232 304 306 307 408 450
1 150 155 211 230 240 270 338 396
138 164 234 301 324 325 326 340 391
53 68 94 123 178 199 351 403 446
8 79 142 211 225 231 266 378 393
25 42 81 116 130 159 166 378 407
10 23 121 123 130 158 186 195 251
98 124 126 162 204 270 296 313 403
7 16 23 92 144 265 321 360 404
85 89 117 154 248 297 338 357 413
33 35 57 104 185 200 356 412 439
27 32 112 184 261 318 354 374 409
53 135 152 179 263 270 295 420 425
65 91 102 124 129 191 216 430 445
21 49 81 284 308 347 348 381 436
3 5 83 103 106 224 369 380 428
42 48 96 133 196 271 301 342 428
8 112 161 200 206 271 347 353 358
43 74 147 151 161 267 269 289 352
4 16 97 150 268 288 330 384 443
4 79 83 107 197 256 265 362 407
135 143 148 222 252 312 326 341 397
2 156 162 211 248 326 391 402 426
41 60 99 140 226 264 319 321 441
90 133 237 241 287 359 395 405 445
89 94 144 155 168 247 334 346 423
33 44 71 146 180 356 362 364 382
37 100 116 125 143 238 316 370 443
45 66 201 265 340 358 361 366 425
7 8 29 39 118 141 242 261 345
1 49 106 140 236 255 276 333 422
19 143 192 243 270 336 363 435 446
40 98 154 182 229 298 314 433 440
13 147 183 188 193 209 276 364 367
36 241 298 321 334 367 377 415 429
14 58 94 160 172 203 212 299 323
14 69 118 146 165 253 293 371 432
17 19 36 43 86 126 145 225 419
52 77 127 139 144 253 333 343 433
145 162 189 218 264 301 303 322 411
178 183 256 320 346 372 434 441 446
29 68 185 190 263 337 363 368 382
108 133 184 186 209 241 252 352 411
74 135 165 178 208 281 288 297 358
47 155 157 192 232 260 316 366 416
111 131 158 225 240 250 324 388 392
77 108 176 345 362 376 383 390 396
67 117 215 257 358 360 380 381 406
25 48 69 198 215 231 342 369 408
2 126 164 166 170 218 272 327 440
91 125 247 295 311 318 369 385 426
34 73 85 188 215 237 338 344 377
10 46 269 292 304 308 349 429 444
54 140 148 175 227 249 301 313 381
23 28 175 246 280 302 347 420 421
15 20 96 211 227 269 370 374 419
14 18 56 101 228 306 340 344 387
43 60 80 103 172 236 239 288 449
27 170 181 210 242 285 286 323 353
42 52 151 168 199 221 354 374 399
62 109 150 154 245 265 301 315 420
13 25 46 79 145 219 313 389 398
5 20 54 102 176 188 306 341 362
51 84 91 100 181 235 281 360 408
63 179 182 217 234 258 293 361 411
60 61 169 246 253 260 275 282 344
2 76 88 138 169 282 295 389 437
110 220 239 325 342 371 379 389 443
140 151 165 203 237 241 373 389 424
3 14 20 170 174 211 280 309 410
14 29 36 89 133 169 239 240 285
10 30 59 70 73 126 189 193 427
3 15 98 100 142 143 314 365 408
9 64 244 286 292 298 313 359 437
79 81 94 140 152 285 305 331 423
35 51 100 133 141 260 332 388 425
2 67 153 157 187 221 255 284 400
109 155 170 188 221 248 294 380 409
53 166 168 170 253 340 356 424 434
70 71 135 173 273 375 383 399 442
68 99 137 141 149 272 312 336 403
58 70 88 139 140 141 361 371 395
59 111 202 215 269 346 398 403 433
67 73 209 271 299 305 354 392 447
17 105 126 136 145 208 223 438 439
100 168 277 349 386 389 404 449 450
13 52 63 68 95 114 212 266 277
12 15 35 95 113 151 163 234 285
154 195 225 226 247 303 339 427 445
33 174 185 242 312 370 398 410 449
17 82 142 144 254 265 320 391 395
8 26 78 96 147 196 349 384 396
80 126 127 133 137 226 264 301 389
33 40 46 74 148 212 290 318 327
59 75 149 283 292 365 367 387 390
103 122 259 280 293 323 331 334 359
3 18 117 201 335 343 421 435 448
67 108 354 372 393 394 426 427 439
16 22 48 92 103 135 152 292 319
11 44 145 146 273 322 373 398 434
75 123 142 146 217 231 284 344 373
23 42 132 134 149 215 274 326 355
159 205 219 226 228 284 352 386 431
47 59 93 166 272 279 329 395 444
87 117 122 168 169 291 309 409 428
26 86 114 123 208 233 317 393 421
109 146 264 311 332 353 400 426 441
17 28 80 247 290 328 431 443 446
3 129 266 278 306 395 444 445 446
11 103 112 150 163 209 315 403 435
6 7 110 117 242 374 376 414 418
5 105 194 239 250 378 383 390 431
64 123 133 279 291 316 430 438 447
4 13 121 139 187 248 309 325 427
17 30 49 87 291 299 345 350 438
52 70 97 107 169 174 187 295 335
79 149 215 252 296 323 384 392 404
38 39 60 221 233 236 259 281 372
139 144 166 210 221 272 284 338 425
53 105 222 258 259 308 311 387 418
18 39 173 185 193 247 308 322 363
15 69 195 201 202 205 224 290 447
54 87 98 122 163 176 219 277 350
27 37 160 204 342 366 398 399 403
41 105 169 225 257 274 293 333 401
31 75 77 97 197 231 275 294 439
48 130 172 184 204 346 356 386 410
43 47 49 112 122 123 177 213 402
35 95 161 238 254 263 315 319 400
62 66 118 157 174 285 307 344 371
24 28 105 155 167 173 198 273 363
52 120 131 148 188 198 223 376 427
12 69 80 184 195 211 261 375 393
47 182 220 237 284 304 310 391 411
22 125 128 162 208 278 330 336 409
127 130 174 182 224 311 392 432 447
10 26 31 46 118 177 197 336 436
36 39 62 182 188 204 222 282 347
74 127 136 151 198 229 294 348 405
25 171 216 220 239 252 339 369 436
13 53 110 229 262 286 357 413 424
56 105 113 148 236 294 401 417 450
3 53 64 137 147 157 227 229 370
16 34 51 127 205 243 388 404 416
32 33 62 150 228 298 319 334 368
25 86 87 94 125 210 384 385 418
58 94 214 287 345 352 385 422 426
5 31 87 90 172 244 284 365 439
25 48 109 130 162 282 334 377 448
26 137 225 284 312 370 409 440 444
20 63 133 160 322 341 345 429 443
5 49 69 90 264 277 319 327 383
13 29 46 67 69 85 314 342 362
3 87 111 118 123 171 365 394 443
6 24 73 217 284 289 335 366 400
13 113 131 134 137 191 335 361 380
2 50 138 156 190 234 279 302 449
13 34 134 189 214 281 325 333 444
152 169 183 206 295 311 356 364 385
8 18 72 97 150 215 239 261 420
7 22 70 120 281 319 344 380 402
24 106 109 265 278 341 375 390 433
68 80 151 201 275 317 350 379 387
1 75 84 87 90 234 244 374 424
73 125 256 327 330 338 360 412 422
11 41 115 194 205 238 320 374 434
40 121 132 201 214 306 362 412 416
84 132 159 211 230 248 251 307 400
6 151 180 190 232 263 266 396 444
38 251 264 272 277 295 323 382 390
108 167 218 267 270 303 330 331 355
39 74 100 134 141 186 247 333 378
3 34 38 74 144 178 192 359 431
102 173 247 308 340 353 392 411 416
25 46 81 134 200 208 244 429 433
63 121 139 143 173 328 393 394 406
15 173 205 246 270 330 358 405 423
126 132 140 168 175 184 265 267 445
5 18 42 46 277 299 300 359 416
15 76 137 225 249 307 316 341 352
22 80 102 105 199 200 425 433 445
11 120 179 219 309 310 314 375 423
41 70 79 83 104 241 347 401 404
4 23 73 75 97 274 337 352 382
34 55 58 137 144 170 201 378 438
85 89 142 166 253 276 327 412 432
44 164 204 217 259 356 367 400 441
35 74 105 122 195 250 305 346 442
42 137 206 253 383 387 400 425 432
11 74 186 201 223 297 300 310 315
9 12 223 268 280 322 367 369 414
28 57 82 103 236 242 257 318 427
84 93 114 184 248 283 293 349 424
41 83 122 138 243 253 272 308 395
88 146 177 198 205 232 302 353 385
48 122 190 213 264 286 294 296 354
26 38 157 280 343 375 406 407 442
261 577 586 593 608 635 683 703 705 734 867
354 482 492 661 680 701 726 753 770 780 860
155 196 637 719 773 776 800 812 846 857 876
182 434 474 490 657 666 701 723 724 817 887
335 449 556 616 643 719 766 815 851 855 882
216 475 476 487 494 644 657 699 814 858 872
410 433 446 493 554 599 694 712 733 814 864
189 218 289 308 569 687 708 721 733 795 863
170 206 462 466 521 555 587 647 669 777 894
127 335 496 551 601 630 649 710 756 775 840
22 102 164 248 501 634 803 813 869 885 893
424 452 493 587 606 661 662 686 791 836 894
548 573 611 737 765 790 817 844 856 859 861
352 471 485 509 557 566 739 740 760 773 774
177 416 451 518 643 759 776 791 825 880 883
48 101 128 352 450 535 591 712 723 802 847
232 536 598 599 616 690 741 788 794 811 818
190 325 340 341 625 671 760 800 824 863 882
101 271 364 414 446 581 595 678 697 735 741
141 185 354 565 600 603 653 759 766 773 854
11 183 193 287 398 658 677 681 684 691 718
53 302 378 382 453 498 640 802 838 864 884
524 560 621 648 655 694 710 712 758 805 887
78 122 441 507 553 597 657 667 834 858 865
61 129 266 333 709 752 765 843 849 852 878
287 300 618 651 661 673 795 809 840 853 900
19 312 456 514 610 642 682 690 715 762 827
28 220 584 600 602 677 701 758 811 834 895
315 559 568 575 613 662 698 733 745 774 856
271 297 528 576 591 600 676 701 703 775 818
126 315 461 532 601 614 646 649 829 840 851
79 225 230 377 537 617 642 652 659 715 848
107 213 505 506 656 664 714 730 793 797 848
137 260 457 556 603 670 755 847 861 876 888
190 309 501 559 564 620 714 779 791 832 891
233 361 483 539 569 622 655 738 741 774 841
9 41 119 173 225 541 564 589 622 731 827
179 263 292 376 507 521 647 821 873 876 900
242 417 477 555 583 686 733 821 824 841 875
125 146 147 215 392 519 539 674 736 797 870
258 265 304 579 636 702 727 828 869 886 897
270 394 559 645 679 709 720 763 805 882 892
100 144 227 395 428 556 623 722 741 761 831
88 237 330 577 624 650 654 671 730 803 890
3 133 229 335 448 452 522 561 609 633 732
82 613 658 681 756 765 797 840 856 878 882
137 291 347 437 523 560 598 748 807 831 837
293 515 592 658 697 720 752 802 830 852 899
134 202 601 613 618 702 718 734 818 831 855
60 339 393 430 491 496 577 579 604 664 860
427 508 549 644 654 684 687 699 767 779 847
126 156 555 588 617 688 742 763 790 819 835
81 140 291 674 675 707 716 782 823 844 846
13 67 505 550 616 636 642 686 757 766 826
55 200 387 455 503 564 569 637 656 683 888
22 26 219 347 499 504 554 584 679 760 845
162 251 444 464 469 626 629 677 685 714 895
248 379 435 457 458 554 635 739 785 850 888
220 255 467 477 497 610 694 775 786 798 807
152 561 566 616 636 643 688 727 761 769 821
329 362 419 450 497 547 594 608 621 704 769
148 158 516 550 566 644 687 764 833 841 848
549 579 615 672 678 691 700 768 790 854 879
38 48 252 292 321 548 629 650 777 816 846
256 338 415 437 567 590 602 604 651 695 717
35 106 194 341 534 539 571 661 697 732 833
138 204 391 478 535 682 751 780 787 801 856
57 69 150 184 203 271 707 745 784 790 866
316 531 556 639 691 740 752 825 836 855 856
223 489 546 689 690 775 783 785 819 864 886
155 320 374 427 429 435 548 552 624 730 783
289 294 481 483 490 572 590 613 679 704 863
75 258 473 668 685 755 775 787 858 868 887
530 531 578 722 747 797 842 875 876 891 893
74 90 175 346 547 550 798 804 829 867 887
356 471 511 538 559 595 619 630 673 770 883
72 301 407 551 596 623 630 649 742 750 829
182 287 297 306 591 600 613 632 639 658 795
109 415 609 612 662 708 724 765 778 820 886
86 103 192 518 690 761 796 811 836 866 884
81 115 143 442 618 627 695 709 718 778 878
148 308 345 396 474 555 625 664 702 794 895
163 412 499 557 572 624 702 719 724 886 897
270 280 411 565 571 635 692 767 867 871 896
253 300 303 403 409 583 596 713 755 856 889
89 553 560 573 623 668 672 694 741 809 849
25 146 425 592 808 818 826 849 851 857 867
374 526 540 577 638 662 666 687 770 785 898
118 267 337 563 567 594 659 713 729 774 889
395 411 461 479 547 555 660 728 851 855 867
185 186 262 434 510 520 580 676 717 754 767
51 66 546 573 611 618 655 668 700 712 802
4 87 412 585 633 637 638 651 673 807 896
71 350 409 529 662 707 729 739 778 849 850
233 235 296 427 441 468 513 681 790 791 832
186 490 516 542 598 603 608 627 720 759 795
478 566 574 584 696 704 723 819 829 863 887
421 560 603 637 647 648 689 711 736 776 826
7 96 267 508 550 596 604 619 690 727 784
43 392 480 512 695 731 767 776 779 789 875
72 273 434 526 573 656 659 671 680 698 760
198 283 336 402 617 633 666 717 766 877 884
21 360 432 613 696 719 761 799 802 813 895
169 276 426 454 486 551 560 583 635 714 886
240 472 562 788 815 823 828 834 845 884 891
18 498 523 533 561 589 628 632 719 734 865
17 40 67 133 326 453 473 588 609 724 819
414 485 500 592 631 647 668 746 750 801 874
59 187 602 609 634 699 764 781 810 852 865
25 39 289 310 563 627 655 663 771 814 844
5 189 194 219 387 549 555 586 749 786 857
36 47 77 356 503 623 646 715 721 813 831
139 460 580 601 607 650 664 695 791 845 859
153 420 501 593 596 613 670 688 790 809 896
92 334 354 480 497 627 646 666 677 700 869
323 370 381 439 515 572 579 586 594 709 731
32 313 487 569 610 687 713 751 800 808 814
65 119 214 632 637 660 733 740 833 840 857
53 272 286 306 321 398 595 616 625 667 683
277 348 545 595 638 653 694 703 835 864 885
209 339 503 590 610 623 674 710 817 870 879
62 177 580 601 799 808 826 831 891 897 899
294 609 669 678 707 710 804 809 816 831 857
76 144 174 272 502 578 602 607 678 711 717
197 317 327 558 617 670 731 754 838 849 868
525 550 574 597 711 741 753 775 788 796 881
114 169 180 380 576 580 742 796 839 842 847
227 330 469 495 599 605 606 614 623 660 838
191 305 465 482 581 583 619 661 689 717 812
52 68 104 298 613 681 709 710 830 839 852
60 135 485 540 615 637 662 695 749 835 859
192 300 491 524 531 663 698 805 870 871 881
98 235 586 720 728 746 774 779 796 816 854
99 299 316 366 484 615 805 859 861 875 878
102 274 324 475 615 701 716 725 747 783 802
252 355 418 433 508 563 664 672 675 788 842
54 488 491 784 796 846 853 859 883 888 892
136 145 243 432 482 602 665 706 770 860 897
31 42 334 387 486 612 742 785 817 822 879
322 418 673 727 734 757 772 778 785 881 0
170 211 274 559 697 733 779 784 785 875 0
331 426 446 631 647 708 776 794 804 889 0
275 624 685 695 697 725 731 735 776 879 0
311 338 436 712 729 742 794 822 876 888 0
173 279 591 618 699 741 743 765 788 803 0
344 551 630 693 730 740 803 804 810 898 0
31 277 321 340 589 634 722 737 795 846 0
123 424 443 575 592 725 757 797 835 845 0
37 217 237 628 641 700 784 798 805 820 0
74 358 369 693 705 723 764 813 848 863 0
234 468 574 722 763 772 791 842 866 872 0
358 420 609 656 666 670 716 778 802 862 0
13 168 409 495 591 595 633 659 665 780 0
35 378 474 584 610 627 713 736 764 792 0
323 391 586 636 685 705 729 748 781 834 0
37 329 447 549 576 658 675 680 726 860 0
33 179 348 398 499 748 780 833 846 900 0
198 205 276 369 562 565 633 659 710 749 0
400 574 612 645 683 688 692 709 806 871 0
34 130 154 557 578 635 655 739 827 854 0
299 463 523 536 582 641 669 721 722 832 0
151 401 609 642 655 711 726 743 838 852 0
268 455 479 553 590 675 696 791 813 826 0
268 297 396 410 459 651 681 706 753 890 0
108 299 476 627 652 657 689 740 747 772 0
17 251 484 552 709 753 782 807 822 889 0
112 159 381 517 562 595 596 610 834 874 0
269 367 634 670 729 763 782 789 808 881 0
454 583 660 769 770 774 808 819 828 862 0
51 207 332 527 753 762 773 781 782 888 0
159 293 499 512 527 550 640 692 843 857 0
363 416 609 616 653 693 739 761 830 851 0
365 548 639 640 783 824 834 877 879 880 0
462 571 601 602 659 773 793 819 833 839 0
69 162 432 584 590 614 641 757 758 881 0
94 251 327 476 565 585 629 750 766 826 0
550 562 580 623 645 653 694 831 840 898 0
115 408 448 544 648 659 707 744 747 876 0
94 224 228 272 454 567 612 716 768 885 0
131 164 178 312 390 548 566 664 730 872 0
83 280 359 536 575 599 665 690 762 767 0
20 302 555 562 572 736 768 837 839 841 0
45 106 522 591 599 603 694 737 744 862 0
110 369 637 654 715 746 830 836 881 896 0
12 90 390 406 567 569 714 745 793 824 0
103 253 319 437 518 526 710 746 875 893 0
135 488 534 574 605 629 655 780 817 819 0
500 541 566 700 737 755 766 781 835 841 0
2 15 494 593 655 671 692 743 775 861 0
183 544 557 637 651 676 745 860 872 899 0
68 97 130 143 311 353 439 582 717 859 0
166 518 556 604 637 651 679 735 748 876 0
5 117 295 493 628 650 690 737 775 824 0
19 39 132 515 572 602 620 669 815 869 0
176 581 626 654 686 710 792 825 836 891 0
195 328 379 543 556 578 585 627 720 795 0
120 295 388 579 585 620 663 724 829 840 0
165 309 570 647 667 752 834 835 842 898 0
3 30 172 346 554 660 702 707 763 884 0
97 318 553 568 576 622 714 721 878 884 0
556 574 685 732 800 825 866 870 888 893 0
44 142 229 265 351 412 563 652 786 825 0
351 423 537 581 612 619 666 688 739 772 0
158 414 449 502 522 711 827 830 841 890 0
478 552 600 695 806 825 847 869 880 898 0
127 222 563 597 615 663 691 721 862 892 0
200 346 350 425 439 521 593 594 607 684 0
73 495 564 606 684 747 788 809 838 878 0
142 538 558 559 580 596 737 746 787 813 0
244 290 500 605 619 645 679 762 822 849 0
349 385 620 705 708 726 759 773 836 871 0
203 296 431 519 619 620 644 739 790 797 0
40 238 264 376 552 576 588 699 831 899 0
263 284 348 583 600 621 677 850 861 870 0
509 595 603 751 752 755 786 805 820 863 0
180 278 304 467 488 598 628 666 717 843 0
357 361 362 567 574 575 768 804 858 890 0
228 274 551 586 595 666 680 743 753 874 0
383 396 399 440 510 652 765 806 826 885 0
59 123 149 472 504 612 672 771 837 843 0
447 463 610 641 678 763 780 781 821 822 0
93 292 570 622 643 687 693 725 823 841 0
276 406 532 572 574 631 788 835 893 894 0
281 342 391 506 546 586 656 719 825 839 0
131 497 578 708 741 749 792 828 853 883 0
373 481 577 587 603 606 727 792 796 806 0
303 316 337 428 470 581 698 757 759 846 0
98 311 502 529 545 562 580 760 806 848 0
441 525 567 569 639 685 736 842 844 846 0
45 513 582 601 607 616 658 700 705 871 0
84 261 552 554 686 703 708 752 804 829 0
445 496 558 561 604 608 704 748 872 898 0
125 284 400 481 621 681 683 685 809 821 0
211 386 530 606 693 706 768 791 860 867 0
12 258 347 510 561 568 630 663 696 767 0
406 428 487 548 660 734 761 821 845 895 0
246 389 571 611 636 646 728 755 772 837 0
343 350 366 426 584 605 651 731 832 869 0
26 372 564 620 761 771 774 815 843 863 0
86 324 394 438 479 506 683 705 749 774 0
78 263 283 636 642 728 738 746 772 886 0
425 440 507 643 702 733 762 793 814 895 0
6 34 140 239 309 436 614 735 847 897 0
54 304 570 575 594 644 777 851 867 878 0
70 178 209 388 458 598 611 648 696 764 0
108 587 625 628 636 658 659 758 769 880 0
141 514 699 729 754 792 811 824 875 877 0
49 553 562 589 713 726 781 817 871 896 0
254 424 513 571 639 689 691 695 757 883 0
293 352 402 612 629 635 686 749 815 891 0
259 507 542 558 572 594 633 710 871 873 0
32 468 585 587 650 666 725 746 820 843 0
18 88 652 740 742 769 782 889 892 897 0
236 359 486 568 584 618 670 694 794 832 0
73 100 116 153 362 558 594 636 734 780 0
43 578 620 628 650 668 688 724 744 868 0
403 470 559 566 614 622 682 751 828 895 0
486 549 610 613 673 674 678 703 768 823 0
89 404 493 548 562 688 799 821 823 890 0
319 325 367 592 611 645 680 748 769 779 0
377 399 455 464 593 654 715 733 836 863 0
222 242 466 573 579 606 634 665 692 844 0
11 512 517 599 614 617 716 745 832 872 0
389 649 665 727 743 796 810 855 873 899 0
21 307 658 712 724 732 764 794 865 881 0
278 375 515 579 588 672 708 790 812 872 0
149 269 397 430 456 582 640 722 874 881 0
116 361 397 405 569 630 700 703 723 894 0
165 181 524 528 700 703 722 756 759 786 0
372 582 684 688 705 711 716 735 874 880 0
157 202 260 458 625 651 667 720 721 787 0
463 551 555 619 753 784 807 822 873 897 0
47 344 431 509 592 621 697 783 803 834 0
551 576 586 597 635 640 671 805 828 887 0
129 174 298 407 570 585 692 769 829 866 0
279 457 467 554 565 582 650 734 737 889 0
124 526 615 687 789 790 826 855 873 882 0
113 516 530 576 626 642 670 812 838 865 0
9 111 210 318 386 489 639 807 816 860 0
16 404 533 553 649 758 773 799 894 900 0
105 435 544 599 611 747 767 821 861 864 0
10 91 318 380 524 618 769 770 841 852 0
14 112 118 234 238 488 600 629 798 896 0
608 718 780 804 806 822 837 851 853 858 0
568 629 632 665 697 762 774 778 791 833 0
308 560 622 638 641 698 762 777 844 899 0
160 422 511 614 626 674 685 691 728 850 0
55 254 313 429 579 596 676 723 747 761 0
84 422 492 543 568 582 605 634 722 858 0
344 534 540 578 587 604 672 797 811 825 0
465 551 577 632 633 668 696 808 816 818 0
328 337 541 563 566 572 756 777 798 802 0
64 460 620 630 661 740 768 799 828 896 0
273 312 553 593 693 781 829 842 845 899 0
64 367 456 489 716 754 770 819 862 873 0
175 327 342 504 582 601 605 711 820 899 0
267 330 373 508 525 644 672 713 747 893 0
80 156 218 563 665 681 736 738 777 848 0
345 522 533 615 673 678 739 787 818 882 0
326 447 510 511 535 571 671 693 882 893 0
564 597 609 644 706 720 743 757 764 796 0
171 250 282 570 646 652 697 758 860 898 0
408 436 546 560 621 632 653 743 792 874 0
63 264 281 557 578 656 678 704 756 837 0
82 384 419 442 490 563 679 778 787 891 0
232 495 587 606 611 704 760 766 812 870 0
91 310 404 516 551 635 704 833 871 883 0
320 353 616 625 718 756 823 824 877 897 0
23 360 590 640 660 679 773 808 817 885 0
310 444 460 558 682 683 699 837 885 893 0
95 207 259 261 622 754 810 823 839 862 0
461 496 561 649 659 699 725 784 793 853 0
120 213 379 684 686 687 711 757 765 777 0
285 401 535 543 548 655 736 776 856 885 0
79 269 604 622 624 665 764 813 832 893 0
58 355 416 498 596 653 731 748 816 883 0
160 366 388 413 566 626 682 703 809 866 0
85 230 325 459 572 579 715 754 797 895 0
382 532 593 617 727 802 832 848 855 864 0
46 150 314 400 487 576 643 744 794 869 0
50 113 365 500 534 544 663 712 727 738 0
1 357 577 585 591 743 803 824 854 894 0
145 168 451 564 645 739 762 799 820 873 0
206 301 402 438 550 575 653 657 706 749 0
349 567 583 654 657 675 706 771 817 861 0
62 107 109 511 573 675 706 725 726 805 0
217 371 542 552 556 753 797 855 868 889 0
50 298 343 419 469 588 647 658 811 879 0
93 147 247 459 485 498 549 662 677 807 0
70 268 513 663 684 723 838 868 874 880 0
52 305 380 560 589 669 686 778 799 874 0
166 247 328 331 520 592 599 602 779 810 0
80 301 568 642 698 734 742 828 861 875 0
314 614 675 701 703 729 738 799 848 852 0
63 204 290 514 521 605 800 819 858 859 0
92 305 359 368 583 673 735 784 838 840 0
2 254 554 598 600 626 674 683 745 887 0
188 260 322 608 628 705 713 755 822 868 0
14 210 212 567 590 626 671 676 792 843 0
370 421 570 631 657 706 732 760 782 877 0
193 565 569 633 644 725 766 854 865 883 0
370 531 552 592 653 720 752 771 827 856 0
257 266 349 381 440 557 573 742 800 900 0
41 357 589 674 755 760 769 804 833 864 0
111 157 181 363 625 733 750 818 850 854 0
286 450 512 608 684 729 744 786 830 891 0
76 255 589 615 634 718 721 758 841 886 0
187 315 382 418 532 594 627 680 718 842 0
134 538 595 611 648 701 756 789 795 896 0
122 205 554 583 605 640 701 818 826 866 0
46 184 262 307 313 336 483 641 671 707 0
7 243 245 621 722 746 806 850 883 887 0
421 423 539 573 656 721 762 810 877 898 0
24 384 429 565 680 715 763 787 801 899 0
117 226 253 339 368 502 570 571 805 874 0
565 577 627 631 714 730 782 830 862 890 0
36 154 246 589 626 651 667 675 713 844 0
167 600 612 652 689 721 732 747 751 880 0
85 632 634 643 664 728 777 799 876 882 0
8 191 545 581 660 678 712 751 767 868 0
471 603 622 624 639 654 732 768 785 859 0
139 151 462 689 724 730 750 766 856 870 0
262 417 445 570 581 606 735 745 824 834 0
10 38 216 413 616 646 682 730 737 862 0
252 504 525 614 661 672 776 798 851 857 0
15 323 329 638 683 688 732 748 827 858 0
259 322 376 647 685 737 738 798 890 894 0
161 221 384 451 553 575 654 669 745 848 0
351 501 561 597 694 719 752 754 843 894 0
201 275 570 585 636 731 759 793 846 853 0
255 290 528 580 607 632 740 771 785 833 0
270 282 364 506 588 618 633 744 801 821 0
256 529 557 577 581 664 692 772 803 804 0
597 646 686 692 715 759 763 814 867 869 0
249 547 590 618 669 783 836 865 885 900 0
240 314 442 449 519 641 690 750 814 835 0
56 236 264 557 615 676 701 738 755 852 0
390 540 548 559 626 708 709 815 875 888 0
172 324 332 494 564 608 623 697 771 866 0
65 282 345 360 630 719 751 781 859 864 0
4 273 386 530 601 617 684 718 751 757 0
221 392 448 629 648 670 730 745 873 887 0
343 589 597 602 668 750 783 815 855 892 0
24 138 244 554 584 699 723 795 820 849 0
553 563 625 661 690 754 849 850 862 898 0
8 104 114 395 555 578 594 789 806 830 0
275 288 431 644 682 760 798 823 866 892 0
16 277 430 575 581 598 675 749 779 847 0
371 619 662 677 765 770 771 772 789 796 0
333 383 393 657 679 750 798 815 865 873 0
6 250 306 574 604 624 706 726 794 837 0
110 444 489 559 639 749 787 820 839 877 0
294 558 564 607 635 708 801 809 836 879 0
105 197 549 604 619 643 665 801 857 879 0
356 453 549 625 728 785 794 807 812 897 0
30 249 374 403 536 591 705 750 795 872 0
56 61 96 283 529 661 681 691 702 725 0
452 480 597 621 645 765 786 793 803 827 0
42 132 465 477 484 537 682 763 783 827 0
285 372 483 780 810 832 858 871 890 892 0
358 494 568 576 587 607 669 828 845 886 0
29 472 527 652 673 677 680 726 831 864 0
256 317 443 607 707 711 784 786 813 827 0
334 537 571 588 617 712 789 820 847 886 0
336 491 562 592 620 624 640 728 842 880 0
167 286 333 378 520 571 606 751 879 900 0
226 389 557 558 561 575 631 709 724 900 0
188 482 593 646 667 691 704 752 767 776 0
249 280 611 617 639 715 781 808 838 853 0
215 338 593 607 628 653 654 773 793 830 0
57 401 638 648 689 743 746 768 837 877 0
87 288 385 481 677 696 714 868 870 889 0
71 231 250 303 638 645 648 667 713 844 0
44 420 479 492 505 527 646 652 814 894 0
58 284 394 538 645 673 676 693 698 738 0
199 266 317 407 584 748 847 870 877 882 0
29 121 171 231 331 480 631 662 692 845 0
296 533 634 648 656 670 687 814 823 849 0
161 373 385 422 541 585 598 668 741 759 0
241 257 505 623 638 669 716 758 764 863 0
28 95 375 492 567 591 608 758 800 809 0
163 245 503 552 586 642 700 734 850 868 0
128 196 279 470 580 590 729 778 880 885 0
464 517 588 650 676 772 782 844 867 896 0
224 332 355 383 716 732 779 822 884 892 0
176 278 281 674 682 726 754 801 810 850 0
399 550 649 702 775 792 801 817 835 895 0
517 523 543 629 630 631 671 719 720 808 0
33 212 307 647 649 672 738 756 854 878 0
27 214 552 556 560 598 663 696 717 816 0
124 285 302 423 599 649 806 811 815 876 0
75 397 466 561 569 696 740 839 889 892 0
291 519 638 640 736 742 786 865 878 884 0
23 136 363 411 520 528 744 782 803 869 0
195 239 514 565 588 642 702 735 800 813 0
152 413 545 568 603 610 656 718 840 843 0
342 365 393 433 558 621 624 674 770 777 0
223 475 582 596 641 680 788 816 818 888 0
208 375 405 660 668 714 788 801 829 851 0
49 208 415 605 612 643 698 736 753 853 0
20 364 368 443 573 693 727 744 810 890 0
99 288 320 417 445 667 681 783 891 900 0
201 257 650 679 723 731 771 811 854 857 0
83 484 587 632 756 807 812 853 861 872 0
199 241 341 353 717 728 792 812 881 884 0
405 408 410 667 691 707 735 744 811 812 0
1 371 631 657 664 689 787 816 825 839 0
66 77 295 340 549 628 641 695 800 852 0
27 121 319 326 473 676 761 789 793 860 0
265 377 438 509 542 663 698 704 789 845 0
