1000 500
9 11
2 2 2 2 2 2 2 2 2 2 2 2 2 2 2 2 2 2 2 2 2 2 2 2 2 2 2 2 2 2 2 2 2 2 2 2 2 2 2 2 2 2 2 2 2 2 2 2 2 2 2 2 2 2 2 2 2 2 2 2 2 2 2 2 2 2 2 2 2 2 2 2 2 2 2 2 2 2 2 2 2 2 2 2 2 2 2 2 2 2 2 2 2 2 2 2 2 2 2 2 2 2 2 2 2 2 2 2 2 2 2 2 2 2 2 2 2 2 2 2 2 2 2 2 2 2 2 2 2 2 2 2 2 2 2 2 2 2 2 2 2 2 2 2 2 2 2 2 2 2 2 2 2 2 2 2 2 2 2 2 2 2 2 2 2 2 2 2 2 2 2 2 2 2 2 2 2 2 2 2 2 2 2 2 2 2 2 2 2 2 2 2 2 2 2 2 2 2 2 2 2 2 2 2 2 2 2 2 2 2 2 2 2 2 2 2 2 2 2 2 2 2 2 2 2 2 2 2 2 2 2 2 2 2 2 2 2 2 2 2 2 2 2 2 2 2 2 2 2 2 2 2 2 2 2 2 2 2 2 2 2 2 2 2 2 2 2 2 2 2 2 2 2 2 2 2 3 3 3 3 3 3 3 3 3 3 3 3 3 3 3 3 3 3 3 3 3 3 3 3 3 3 3 3 3 3 3 3 3 3 3 3 3 3 3 3 3 3 3 3 3 3 3 3 3 3 3 3 3 3 3 3 3 3 3 3 3 3 3 3 3 3 3 3 3 3 3 3 3 3 3 3 3 3 3 3 3 3 3 3 3 3 3 3 3 3 3 3 3 3 3 3 3 3 3 3 3 3 3 3 3 3 3 3 3 3 3 3 3 3 3 3 3 3 3 3 3 3 3 3 3 3 3 3 3 3 3 3 3 3 3 3 3 3 3 3 3 3 3 3 3 3 3 3 3 3 3 3 3 3 3 3 3 3 3 3 3 3 3 3 3 3 3 3 3 3 3 3 3 3 3 3 3 3 3 3 3 3 3 3 3 3 3 3 3 3 3 3 3 3 3 3 3 3 3 3 3 3 3 3 3 3 3 3 3 3 3 3 3 3 3 3 3 3 3 3 3 3 3 3 3 3 3 3 3 3 3 3 3 3 3 3 3 3 3 3 3 3 3 3 3 3 3 3 3 3 3 3 3 3 3 4 4 4 4 4 4 4 4 4 4 4 4 4 4 4 4 4 4 4 4 4 4 4 4 4 4 4 4 4 4 4 4 4 4 4 4 4 4 4 4 4 4 4 4 4 4 4 4 4 4 4 4 4 4 4 4 4 4 4 4 4 4 4 4 4 4 4 4 4 4 4 4 4 4 4 4 4 9 9 9 9 9 9 9 9 9 9 9 9 9 9 9 9 9 9 9 9 9 9 9 9 9 9 9 9 9 9 9 9 9 9 9 9 9 9 9 9 9 9 9 9 9 9 9 9 9 9 9 9 9 9 9 9 9 9 9 9 9 9 9 9 9 9 9 9 9 9 9 9 9 9 9 9 9 9 9 9 9 9 9 9 9 9 9 9 9 9 9 9 9 9 9 9 9 9 9 9 9 9 9 9 9 9 9 9 9 9 9 9 9 9 9 9 9 9 9 9 9 9 9 9 9 9 9 9 9 9 9 9 9 9 9 9 9 9 9 9 9 9 9 9 9 9 9 9 9 9 9 9 9 9 9 9 9 9 9 9 9 9 9 9 9 9 9 9 9 9 9 9 9 9 9 9 9 9 9 9 9 9 9 9 9 9 9 9 9 9 9 9 9 9 9 9 9 9 9 9 9 9 9 9 9 9 9 9 9 9 9 9 9 9 9 9 9 9 9 9 9 9 9 9 9 9 9 9 9 9 9 9 9 9 9 9 9 9 9 9 9 9 9 9 9 9 9 9 9 9 9 9 9 9 9 9 9 9 9 9 9 9 9 9 9 9 9 9 9 9 9 9 9 9 9 9 9 9 9 9 9 9 9 9 9 9 9 9 9 9 9 9 9 9 9 9 9 9 9 9 9 9 9 9 9 9 9 9 9 9 9 9 9 9 9 9 9 9 9 9 9 9 9 9 9 9 9 9 9 9 9 9 9 9 9 9 9 9 9 9 9 9 9 9 9 9 9 9 9 9 9 9 9 9 9 9 9 9 9 9 9 9 9 9 9 9 9 9 9 9 9 9 9 9 9 9 9 9 9 9 9 9 9 9 9 9 9 9 9 9 9 9
11 11 11 11 11 11 11 11 11 11 11 11 11 11 11 11 11 11 11 11 11 11 11 11 11 11 11 11 11 11 11 11 11 11 11 11 11 11 11 11 11 11 11 11 11 11 11 11 11 11 11 11 11 11 11 11 11 11 11 11 11 11 11 11 11 11 11 11 11 11 11 11 11 11 11 11 11 11 11 11 11 11 11 11 11 11 11 11 11 11 11 11 11 11 11 11 11 11 11 11 11 11 11 11 11 11 11 11 11 11 11 11 11 11 11 11 11 11 11 11 11 11 11 11 11 11 11 11 11 11 11 11 11 11 11 11 11 11 11 11 11 11 11 11 11 11 11 11 11 11 11 11 11 10 10 10 10 10 10 10 10 10 10 10 10 10 10 10 10 10 10 10 10 10 10 10 10 10 10 10 10 10 10 10 10 10 10 10 10 10 10 10 10 10 10 10 10 10 10 10 10 10 10 10 10 10 10 10 10 10 10 10 10 10 10 10 10 10 10 10 10 10 10 10 10 10 10 10 10 10 10 10 10 10 10 10 10 10 10 10 10 10 10 10 10 10 10 10 10 10 10 10 10 10 10 10 10 10 10 10 10 10 10 10 10 10 10 10 10 10 10 10 10 10 10 10 10 10 10 10 10 10 10 10 10 10 10 10 10 10 10 10 10 10 10 10 10 10 10 10 10 10 10 10 10 10 10 10 10 10 10 10 10 10 10 10 10 10 10 10 10 10 10 10 10 10 10 10 10 10 10 10 10 10 10 10 10 10 10 10 10 10 10 10 10 10 10 10 10 10 10 10 10 10 10 10 10 10 10 10 10 10 10 10 10 10 10 10 10 10 10 10 10 10 10 10 10 10 10 10 10 10 10 10 10 10 10 10 10 10 10 10 10 10 10 10 10 10 10 10 10 10 10 10 10 10 10 10 10 10 10 10 10 10 10 10 10 10 10 10 10 10 10 10 10 10 10 10 10 10 10 10 10 10 10 10 10 10 10 10 10 10 10 10 10 10 10 10 10 10 10 10 10 10 10 10 10 10 10 10 10 10 10 10 10 10 10 10 10 10 10 10 10 10 10 10 10 10 10 10 10 10 10 10 10 10 10 10 10 10 10 10 10 10 10 10 10 10 10 10
357 496 0 0 0 0 0 0 0
209 373 0 0 0 0 0 0 0
48 219 0 0 0 0 0 0 0
103 423 0 0 0 0 0 0 0
122 213 0 0 0 0 0 0 0
269 433 0 0 0 0 0 0 0
108 390 0 0 0 0 0 0 0
398 427 0 0 0 0 0 0 0
39 308 0 0 0 0 0 0 0
311 402 0 0 0 0 0 0 0
21 290 0 0 0 0 0 0 0
204 259 0 0 0 0 0 0 0
59 168 0 0 0 0 0 0 0
312 374 0 0 0 0 0 0 0
208 405 0 0 0 0 0 0 0
310 428 0 0 0 0 0 0 0
116 180 0 0 0 0 0 0 0
115 279 0 0 0 0 0 0 0
26 212 0 0 0 0 0 0 0
200 489 0 0 0 0 0 0 0
110 292 0 0 0 0 0 0 0
9 60 0 0 0 0 0 0 0
341 480 0 0 0 0 0 0 0
389 425 0 0 0 0 0 0 0
94 118 0 0 0 0 0 0 0
59 260 0 0 0 0 0 0 0
476 497 0 0 0 0 0 0 0
28 465 0 0 0 0 0 0 0
441 460 0 0 0 0 0 0 0
217 438 0 0 0 0 0 0 0
151 160 0 0 0 0 0 0 0
125 274 0 0 0 0 0 0 0
167 475 0 0 0 0 0 0 0
172 263 0 0 0 0 0 0 0
68 167 0 0 0 0 0 0 0
119 392 0 0 0 0 0 0 0
157 167 0 0 0 0 0 0 0
123 401 0 0 0 0 0 0 0
117 210 0 0 0 0 0 0 0
116 233 0 0 0 0 0 0 0
27 34 0 0 0 0 0 0 0
149 436 0 0 0 0 0 0 0
103 277 0 0 0 0 0 0 0
215 451 0 0 0 0 0 0 0
200 250 0 0 0 0 0 0 0
350 386 0 0 0 0 0 0 0
116 296 0 0 0 0 0 0 0
15 62 0 0 0 0 0 0 0
266 480 0 0 0 0 0 0 0
354 359 0 0 0 0 0 0 0
184 351 0 0 0 0 0 0 0
138 363 0 0 0 0 0 0 0
21 129 0 0 0 0 0 0 0
146 266 0 0 0 0 0 0 0
58 318 0 0 0 0 0 0 0
413 430 0 0 0 0 0 0 0
65 446 0 0 0 0 0 0 0
345 456 0 0 0 0 0 0 0
113 233 0 0 0 0 0 0 0
45 134 0 0 0 0 0 0 0
23 60 0 0 0 0 0 0 0
122 353 0 0 0 0 0 0 0
325 361 0 0 0 0 0 0 0
316 318 0 0 0 0 0 0 0
125 413 0 0 0 0 0 0 0
90 484 0 0 0 0 0 0 0
56 105 0 0 0 0 0 0 0
133 205 0 0 0 0 0 0 0
73 189 0 0 0 0 0 0 0
257 364 0 0 0 0 0 0 0
103 457 0 0 0 0 0 0 0
81 349 0 0 0 0 0 0 0
224 272 0 0 0 0 0 0 0
61 74 0 0 0 0 0 0 0
467 468 0 0 0 0 0 0 0
127 372 0 0 0 0 0 0 0
121 491 0 0 0 0 0 0 0
15 256 0 0 0 0 0 0 0
336 414 0 0 0 0 0 0 0
318 366 0 0 0 0 0 0 0
54 82 0 0 0 0 0 0 0
42 328 0 0 0 0 0 0 0
40 198 0 0 0 0 0 0 0
244 310 0 0 0 0 0 0 0
337 385 0 0 0 0 0 0 0
80 263 0 0 0 0 0 0 0
94 443 0 0 0 0 0 0 0
33 270 0 0 0 0 0 0 0
36 83 0 0 0 0 0 0 0
82 197 0 0 0 0 0 0 0
307 331 0 0 0 0 0 0 0
118 354 0 0 0 0 0 0 0
238 357 0 0 0 0 0 0 0
192 195 0 0 0 0 0 0 0
331 466 0 0 0 0 0 0 0
106 431 0 0 0 0 0 0 0
195 203 0 0 0 0 0 0 0
142 240 0 0 0 0 0 0 0
137 483 0 0 0 0 0 0 0
31 272 0 0 0 0 0 0 0
1 10 0 0 0 0 0 0 0
3 135 0 0 0 0 0 0 0
74 195 0 0 0 0 0 0 0
123 413 0 0 0 0 0 0 0
309 430 0 0 0 0 0 0 0
67 182 0 0 0 0 0 0 0
14 357 0 0 0 0 0 0 0
179 270 0 0 0 0 0 0 0
73 343 0 0 0 0 0 0 0
194 421 0 0 0 0 0 0 0
298 378 0 0 0 0 0 0 0
181 294 0 0 0 0 0 0 0
296 337 0 0 0 0 0 0 0
139 407 0 0 0 0 0 0 0
69 191 0 0 0 0 0 0 0
268 280 0 0 0 0 0 0 0
191 374 0 0 0 0 0 0 0
97 288 0 0 0 0 0 0 0
16 107 0 0 0 0 0 0 0
213 324 0 0 0 0 0 0 0
450 483 0 0 0 0 0 0 0
4 373 0 0 0 0 0 0 0
144 235 0 0 0 0 0 0 0
288 460 0 0 0 0 0 0 0
239 485 0 0 0 0 0 0 0
13 47 0 0 0 0 0 0 0
6 211 0 0 0 0 0 0 0
7 448 0 0 0 0 0 0 0
9 302 0 0 0 0 0 0 0
151 186 0 0 0 0 0 0 0
196 241 0 0 0 0 0 0 0
212 426 0 0 0 0 0 0 0
42 97 0 0 0 0 0 0 0
37 374 0 0 0 0 0 0 0
135 187 0 0 0 0 0 0 0
131 480 0 0 0 0 0 0 0
9 33 0 0 0 0 0 0 0
58 406 0 0 0 0 0 0 0
112 375 0 0 0 0 0 0 0
54 242 0 0 0 0 0 0 0
10 249 0 0 0 0 0 0 0
217 226 0 0 0 0 0 0 0
88 207 0 0 0 0 0 0 0
46 111 0 0 0 0 0 0 0
142 349 0 0 0 0 0 0 0
23 85 0 0 0 0 0 0 0
13 340 0 0 0 0 0 0 0
17 67 0 0 0 0 0 0 0
224 276 0 0 0 0 0 0 0
64 339 0 0 0 0 0 0 0
168 392 0 0 0 0 0 0 0
64 455 0 0 0 0 0 0 0
5 125 0 0 0 0 0 0 0
149 363 0 0 0 0 0 0 0
1 53 0 0 0 0 0 0 0
35 306 0 0 0 0 0 0 0
287 366 0 0 0 0 0 0 0
59 212 0 0 0 0 0 0 0
168 177 0 0 0 0 0 0 0
308 348 0 0 0 0 0 0 0
384 441 0 0 0 0 0 0 0
161 259 0 0 0 0 0 0 0
79 438 0 0 0 0 0 0 0
3 229 0 0 0 0 0 0 0
211 269 0 0 0 0 0 0 0
205 365 0 0 0 0 0 0 0
390 429 0 0 0 0 0 0 0
158 323 0 0 0 0 0 0 0
99 132 0 0 0 0 0 0 0
122 484 0 0 0 0 0 0 0
321 452 0 0 0 0 0 0 0
19 418 0 0 0 0 0 0 0
156 493 0 0 0 0 0 0 0
105 294 0 0 0 0 0 0 0
77 296 0 0 0 0 0 0 0
200 447 0 0 0 0 0 0 0
106 491 0 0 0 0 0 0 0
163 260 0 0 0 0 0 0 0
4 165 0 0 0 0 0 0 0
111 223 0 0 0 0 0 0 0
262 355 0 0 0 0 0 0 0
80 469 0 0 0 0 0 0 0
1 181 0 0 0 0 0 0 0
65 362 0 0 0 0 0 0 0
11 206 0 0 0 0 0 0 0
79 377 0 0 0 0 0 0 0
119 350 0 0 0 0 0 0 0
333 338 0 0 0 0 0 0 0
101 477 0 0 0 0 0 0 0
6 30 0 0 0 0 0 0 0
142 362 0 0 0 0 0 0 0
87 141 0 0 0 0 0 0 0
21 362 0 0 0 0 0 0 0
41 105 0 0 0 0 0 0 0
176 467 0 0 0 0 0 0 0
189 474 0 0 0 0 0 0 0
132 399 0 0 0 0 0 0 0
98 161 0 0 0 0 0 0 0
303 450 0 0 0 0 0 0 0
22 197 0 0 0 0 0 0 0
375 462 0 0 0 0 0 0 0
52 268 0 0 0 0 0 0 0
284 362 0 0 0 0 0 0 0
40 368 0 0 0 0 0 0 0
38 347 0 0 0 0 0 0 0
7 351 0 0 0 0 0 0 0
155 308 0 0 0 0 0 0 0
457 477 0 0 0 0 0 0 0
15 248 0 0 0 0 0 0 0
296 363 0 0 0 0 0 0 0
136 231 0 0 0 0 0 0 0
439 478 0 0 0 0 0 0 0
343 495 0 0 0 0 0 0 0
95 441 0 0 0 0 0 0 0
41 413 0 0 0 0 0 0 0
205 395 0 0 0 0 0 0 0
154 330 0 0 0 0 0 0 0
326 486 0 0 0 0 0 0 0
76 280 0 0 0 0 0 0 0
63 498 0 0 0 0 0 0 0
280 400 0 0 0 0 0 0 0
49 192 0 0 0 0 0 0 0
448 462 0 0 0 0 0 0 0
259 500 0 0 0 0 0 0 0
17 409 0 0 0 0 0 0 0
97 416 0 0 0 0 0 0 0
40 209 0 0 0 0 0 0 0
26 165 0 0 0 0 0 0 0
28 207 0 0 0 0 0 0 0
333 411 0 0 0 0 0 0 0
10 460 0 0 0 0 0 0 0
324 493 0 0 0 0 0 0 0
59 293 0 0 0 0 0 0 0
86 161 0 0 0 0 0 0 0
19 108 0 0 0 0 0 0 0
24 254 0 0 0 0 0 0 0
113 202 0 0 0 0 0 0 0
224 281 0 0 0 0 0 0 0
325 414 0 0 0 0 0 0 0
230 435 0 0 0 0 0 0 0
46 500 0 0 0 0 0 0 0
274 435 0 0 0 0 0 0 0
129 215 0 0 0 0 0 0 0
381 431 0 0 0 0 0 0 0
340 386 0 0 0 0 0 0 0
89 257 0 0 0 0 0 0 0
20 100 0 0 0 0 0 0 0
94 485 0 0 0 0 0 0 0
364 444 0 0 0 0 0 0 0
318 443 0 0 0 0 0 0 0
146 382 0 0 0 0 0 0 0
129 442 0 0 0 0 0 0 0
26 365 0 0 0 0 0 0 0
80 118 0 0 0 0 0 0 0
150 390 0 0 0 0 0 0 0
234 320 0 0 0 0 0 0 0
32 265 0 0 0 0 0 0 0
331 401 0 0 0 0 0 0 0
398 403 0 0 0 0 0 0 0
6 425 0 0 0 0 0 0 0
351 470 0 0 0 0 0 0 0
29 248 0 0 0 0 0 0 0
4 341 0 0 0 0 0 0 0
272 397 0 0 0 0 0 0 0
22 289 0 0 0 0 0 0 0
344 459 0 0 0 0 0 0 0
250 333 0 0 0 0 0 0 0
353 393 0 0 0 0 0 0 0
40 136 0 0 0 0 0 0 0
229 494 0 0 0 0 0 0 0
89 177 0 0 0 0 0 0 0
286 490 0 0 0 0 0 0 0
198 380 0 0 0 0 0 0 0
18 322 0 0 0 0 0 0 0
305 432 0 0 0 0 0 0 0
81 90 0 0 0 0 0 0 0
153 154 314 0 0 0 0 0 0
166 243 290 0 0 0 0 0 0
37 43 354 0 0 0 0 0 0
38 470 482 0 0 0 0 0 0
103 136 177 0 0 0 0 0 0
89 300 363 0 0 0 0 0 0
99 120 214 0 0 0 0 0 0
69 406 411 0 0 0 0 0 0
92 131 233 0 0 0 0 0 0
82 141 405 0 0 0 0 0 0
197 289 469 0 0 0 0 0 0
131 264 463 0 0 0 0 0 0
142 332 399 0 0 0 0 0 0
183 303 475 0 0 0 0 0 0
60 121 286 0 0 0 0 0 0
111 239 384 0 0 0 0 0 0
215 231 419 0 0 0 0 0 0
306 452 499 0 0 0 0 0 0
78 379 447 0 0 0 0 0 0
39 125 480 0 0 0 0 0 0
6 418 487 0 0 0 0 0 0
40 89 201 0 0 0 0 0 0
146 305 346 0 0 0 0 0 0
2 50 148 0 0 0 0 0 0
68 150 185 0 0 0 0 0 0
126 208 414 0 0 0 0 0 0
56 119 400 0 0 0 0 0 0
147 182 431 0 0 0 0 0 0
164 452 488 0 0 0 0 0 0
44 173 466 0 0 0 0 0 0
143 310 373 0 0 0 0 0 0
98 142 153 0 0 0 0 0 0
92 121 485 0 0 0 0 0 0
75 338 405 0 0 0 0 0 0
244 246 458 0 0 0 0 0 0
51 236 272 0 0 0 0 0 0
222 476 486 0 0 0 0 0 0
125 345 359 0 0 0 0 0 0
84 122 430 0 0 0 0 0 0
270 359 447 0 0 0 0 0 0
47 269 488 0 0 0 0 0 0
1 169 245 0 0 0 0 0 0
120 275 312 0 0 0 0 0 0
2 160 323 0 0 0 0 0 0
140 302 475 0 0 0 0 0 0
111 260 375 0 0 0 0 0 0
297 351 355 0 0 0 0 0 0
319 461 493 0 0 0 0 0 0
48 138 226 0 0 0 0 0 0
15 93 431 0 0 0 0 0 0
187 303 306 0 0 0 0 0 0
39 189 416 0 0 0 0 0 0
58 281 423 0 0 0 0 0 0
50 58 98 0 0 0 0 0 0
109 347 351 0 0 0 0 0 0
127 144 400 0 0 0 0 0 0
75 203 387 0 0 0 0 0 0
7 235 291 0 0 0 0 0 0
79 270 439 0 0 0 0 0 0
137 176 321 0 0 0 0 0 0
180 252 343 0 0 0 0 0 0
163 372 499 0 0 0 0 0 0
74 297 499 0 0 0 0 0 0
5 352 383 0 0 0 0 0 0
159 375 391 0 0 0 0 0 0
299 426 476 0 0 0 0 0 0
250 414 427 0 0 0 0 0 0
287 412 492 0 0 0 0 0 0
101 116 386 0 0 0 0 0 0
77 213 232 0 0 0 0 0 0
49 130 411 0 0 0 0 0 0
22 133 358 0 0 0 0 0 0
103 446 483 0 0 0 0 0 0
30 241 476 0 0 0 0 0 0
169 291 441 0 0 0 0 0 0
174 255 399 0 0 0 0 0 0
156 191 274 0 0 0 0 0 0
68 314 396 0 0 0 0 0 0
39 149 233 0 0 0 0 0 0
211 304 477 0 0 0 0 0 0
91 132 196 0 0 0 0 0 0
263 374 381 0 0 0 0 0 0
143 182 209 0 0 0 0 0 0
102 162 330 0 0 0 0 0 0
205 449 492 0 0 0 0 0 0
169 341 416 0 0 0 0 0 0
18 73 430 0 0 0 0 0 0
286 425 457 0 0 0 0 0 0
60 90 422 0 0 0 0 0 0
156 299 396 0 0 0 0 0 0
82 385 400 0 0 0 0 0 0
119 125 459 0 0 0 0 0 0
102 351 475 0 0 0 0 0 0
165 240 459 0 0 0 0 0 0
32 197 230 0 0 0 0 0 0
124 321 411 0 0 0 0 0 0
133 329 429 0 0 0 0 0 0
171 283 478 0 0 0 0 0 0
77 162 465 0 0 0 0 0 0
130 308 407 0 0 0 0 0 0
298 342 463 0 0 0 0 0 0
146 327 445 0 0 0 0 0 0
47 305 336 0 0 0 0 0 0
317 403 421 0 0 0 0 0 0
105 381 399 0 0 0 0 0 0
232 251 461 0 0 0 0 0 0
72 75 433 0 0 0 0 0 0
240 402 487 0 0 0 0 0 0
156 371 492 0 0 0 0 0 0
161 490 496 0 0 0 0 0 0
100 295 307 0 0 0 0 0 0
61 182 328 0 0 0 0 0 0
80 245 361 0 0 0 0 0 0
103 137 314 0 0 0 0 0 0
20 286 343 0 0 0 0 0 0
369 378 407 0 0 0 0 0 0
254 317 338 0 0 0 0 0 0
150 403 435 0 0 0 0 0 0
139 288 380 0 0 0 0 0 0
33 121 383 0 0 0 0 0 0
176 204 258 0 0 0 0 0 0
203 283 421 0 0 0 0 0 0
101 144 351 0 0 0 0 0 0
22 147 164 0 0 0 0 0 0
355 406 458 0 0 0 0 0 0
389 467 489 0 0 0 0 0 0
231 252 367 0 0 0 0 0 0
59 359 443 0 0 0 0 0 0
285 318 496 0 0 0 0 0 0
210 236 436 0 0 0 0 0 0
54 136 480 0 0 0 0 0 0
206 241 456 0 0 0 0 0 0
247 346 407 0 0 0 0 0 0
89 262 399 0 0 0 0 0 0
214 351 494 0 0 0 0 0 0
78 342 467 0 0 0 0 0 0
253 262 319 0 0 0 0 0 0
248 438 468 0 0 0 0 0 0
179 198 209 0 0 0 0 0 0
101 202 297 0 0 0 0 0 0
235 237 476 0 0 0 0 0 0
35 51 102 0 0 0 0 0 0
61 155 480 0 0 0 0 0 0
50 98 244 0 0 0 0 0 0
159 482 492 0 0 0 0 0 0
329 401 465 0 0 0 0 0 0
16 68 191 0 0 0 0 0 0
89 414 471 0 0 0 0 0 0
12 150 273 0 0 0 0 0 0
191 384 395 0 0 0 0 0 0
58 245 309 0 0 0 0 0 0
52 139 439 0 0 0 0 0 0
110 410 427 0 0 0 0 0 0
92 298 308 0 0 0 0 0 0
282 339 355 0 0 0 0 0 0
46 183 416 0 0 0 0 0 0
120 165 199 0 0 0 0 0 0
23 180 188 0 0 0 0 0 0
12 143 330 0 0 0 0 0 0
73 138 450 0 0 0 0 0 0
206 251 415 0 0 0 0 0 0
270 341 449 0 0 0 0 0 0
30 335 464 0 0 0 0 0 0
3 358 422 0 0 0 0 0 0
36 112 406 0 0 0 0 0 0
135 443 495 0 0 0 0 0 0
110 350 425 0 0 0 0 0 0
31 226 297 0 0 0 0 0 0
32 100 182 0 0 0 0 0 0
8 117 365 0 0 0 0 0 0
183 238 454 0 0 0 0 0 0
64 170 280 0 0 0 0 0 0
12 210 304 0 0 0 0 0 0
10 455 476 0 0 0 0 0 0
221 378 392 0 0 0 0 0 0
87 334 453 0 0 0 0 0 0
257 321 409 0 0 0 0 0 0
74 464 471 0 0 0 0 0 0
47 56 413 0 0 0 0 0 0
90 102 110 0 0 0 0 0 0
368 416 468 0 0 0 0 0 0
41 118 150 0 0 0 0 0 0
110 145 432 0 0 0 0 0 0
254 352 498 0 0 0 0 0 0
128 400 456 0 0 0 0 0 0
13 210 279 0 0 0 0 0 0
120 261 479 0 0 0 0 0 0
248 252 477 0 0 0 0 0 0
230 334 444 0 0 0 0 0 0
290 420 480 0 0 0 0 0 0
124 258 326 0 0 0 0 0 0
68 287 384 0 0 0 0 0 0
53 81 107 0 0 0 0 0 0
189 311 464 0 0 0 0 0 0
35 415 472 0 0 0 0 0 0
37 80 184 0 0 0 0 0 0
196 354 382 0 0 0 0 0 0
14 19 245 0 0 0 0 0 0
58 283 374 0 0 0 0 0 0
45 346 488 0 0 0 0 0 0
44 83 236 0 0 0 0 0 0
73 154 250 0 0 0 0 0 0
10 222 367 0 0 0 0 0 0
64 97 358 0 0 0 0 0 0
239 438 493 0 0 0 0 0 0
105 225 441 0 0 0 0 0 0
12 429 486 0 0 0 0 0 0
49 114 349 0 0 0 0 0 0
114 383 426 0 0 0 0 0 0
18 32 106 0 0 0 0 0 0
182 469 484 0 0 0 0 0 0
237 400 459 0 0 0 0 0 0
4 31 312 0 0 0 0 0 0
5 226 437 0 0 0 0 0 0
133 391 471 0 0 0 0 0 0
117 124 444 0 0 0 0 0 0
196 434 481 0 0 0 0 0 0
24 80 397 0 0 0 0 0 0
131 283 434 0 0 0 0 0 0
28 38 115 0 0 0 0 0 0
232 260 329 0 0 0 0 0 0
28 56 416 0 0 0 0 0 0
55 139 283 0 0 0 0 0 0
80 150 365 0 0 0 0 0 0
205 206 318 0 0 0 0 0 0
12 55 462 0 0 0 0 0 0
18 271 479 0 0 0 0 0 0
33 42 288 0 0 0 0 0 0
145 162 477 0 0 0 0 0 0
162 373 433 0 0 0 0 0 0
87 310 397 0 0 0 0 0 0
89 107 137 0 0 0 0 0 0
292 375 434 0 0 0 0 0 0
4 221 273 0 0 0 0 0 0
51 241 393 0 0 0 0 0 0
178 384 440 0 0 0 0 0 0
88 320 499 0 0 0 0 0 0
184 192 464 0 0 0 0 0 0
51 62 113 0 0 0 0 0 0
121 288 480 0 0 0 0 0 0
73 77 485 0 0 0 0 0 0
68 218 305 0 0 0 0 0 0
41 133 139 0 0 0 0 0 0
55 84 442 0 0 0 0 0 0
204 357 403 0 0 0 0 0 0
57 58 128 0 0 0 0 0 0
267 381 497 0 0 0 0 0 0
192 232 306 0 0 0 0 0 0
49 213 325 0 0 0 0 0 0
166 273 478 0 0 0 0 0 0
15 72 184 0 0 0 0 0 0
11 316 356 0 0 0 0 0 0
235 431 432 0 0 0 0 0 0
206 221 225 0 0 0 0 0 0
81 290 334 0 0 0 0 0 0
28 52 59 332 0 0 0 0 0
102 119 201 294 0 0 0 0 0
70 362 484 491 0 0 0 0 0
96 130 259 447 0 0 0 0 0
4 44 173 327 0 0 0 0 0
76 172 385 413 0 0 0 0 0
65 113 187 428 0 0 0 0 0
172 196 217 454 0 0 0 0 0
201 253 453 495 0 0 0 0 0
13 36 378 500 0 0 0 0 0
59 214 288 491 0 0 0 0 0
32 158 425 463 0 0 0 0 0
73 260 282 393 0 0 0 0 0
95 189 215 373 0 0 0 0 0
54 61 415 500 0 0 0 0 0
85 297 324 415 0 0 0 0 0
27 293 294 388 0 0 0 0 0
59 235 262 500 0 0 0 0 0
177 190 334 378 0 0 0 0 0
29 188 346 396 0 0 0 0 0
180 276 297 420 0 0 0 0 0
71 187 332 379 0 0 0 0 0
100 125 176 433 0 0 0 0 0
5 253 291 402 0 0 0 0 0
25 70 92 468 0 0 0 0 0
22 353 398 400 0 0 0 0 0
68 195 348 426 0 0 0 0 0
64 69 247 428 0 0 0 0 0
46 275 457 489 0 0 0 0 0
99 193 265 428 0 0 0 0 0
26 127 358 447 0 0 0 0 0
67 299 304 478 0 0 0 0 0
62 217 294 409 0 0 0 0 0
138 252 261 340 0 0 0 0 0
53 85 102 179 0 0 0 0 0
17 63 134 161 0 0 0 0 0
92 109 388 443 0 0 0 0 0
21 43 51 339 0 0 0 0 0
77 289 438 489 0 0 0 0 0
103 247 302 458 0 0 0 0 0
74 129 146 212 0 0 0 0 0
106 278 372 470 0 0 0 0 0
45 193 393 491 0 0 0 0 0
42 89 244 455 0 0 0 0 0
2 184 277 435 0 0 0 0 0
114 192 262 467 0 0 0 0 0
8 218 272 392 0 0 0 0 0
132 136 253 396 0 0 0 0 0
43 86 210 391 0 0 0 0 0
20 151 470 471 0 0 0 0 0
106 302 342 419 0 0 0 0 0
10 139 359 385 0 0 0 0 0
15 27 159 380 0 0 0 0 0
14 47 109 313 0 0 0 0 0
320 323 391 420 0 0 0 0 0
59 234 408 418 0 0 0 0 0
67 71 165 448 0 0 0 0 0
15 28 213 266 0 0 0 0 0
302 356 409 440 0 0 0 0 0
60 87 110 425 0 0 0 0 0
145 158 188 340 0 0 0 0 0
129 140 448 481 0 0 0 0 0
81 332 335 372 0 0 0 0 0
15 25 91 299 0 0 0 0 0
57 103 391 457 0 0 0 0 0
35 181 273 293 0 0 0 0 0
162 184 274 293 0 0 0 0 0
27 177 392 459 0 0 0 0 0
2 21 36 481 0 0 0 0 0
42 166 348 356 0 0 0 0 0
71 126 201 212 0 0 0 0 0
66 202 226 362 0 0 0 0 0
50 110 134 360 0 0 0 0 0
104 286 375 418 0 0 0 0 0
245 260 290 463 0 0 0 0 0
35 100 266 367 0 0 0 0 0
31 49 117 268 0 0 0 0 0
66 104 155 170 174 238 264 328 402
142 178 190 194 225 289 294 347 348
88 179 197 216 238 274 344 407 432
5 40 83 99 112 277 309 320 471
45 60 112 196 197 271 299 316 372
25 54 111 146 176 297 326 411 450
73 122 236 264 376 382 390 418 468
157 166 269 339 348 361 408 420 467
11 53 74 80 92 110 152 161 247
29 196 287 327 336 353 359 362 408
27 43 140 143 150 191 288 403 445
63 169 223 274 320 387 445 459 498
16 30 106 191 217 229 399 409 413
8 26 61 71 164 188 239 283 316
16 37 70 109 115 247 329 410 443
112 220 226 265 326 361 383 471 478
108 118 135 164 177 186 223 305 445
18 56 90 162 312 340 350 457 466
139 256 269 286 293 368 375 457 472
36 49 65 138 157 223 250 307 363
27 42 65 96 221 226 269 363 424
123 127 158 183 212 382 404 436 482
41 110 207 226 251 439 454 458 486
54 98 185 237 281 360 371 405 481
33 64 79 205 268 358 389 444 455
5 192 271 289 293 374 386 464 493
45 50 202 267 301 383 394 412 486
51 69 159 170 246 323 434 449 454
84 137 138 210 232 308 326 391 423
136 147 175 352 408 428 459 475 481
69 84 91 113 296 355 405 433 451
96 129 197 231 243 270 279 345 441
28 66 140 211 239 324 394 456 474
63 104 108 132 183 206 368 401 465
46 86 98 117 171 318 396 453 463
26 52 118 124 126 166 199 314 339
17 65 111 182 264 341 379 423 473
91 108 148 274 358 380 396 453 464
108 110 121 136 181 344 402 420 467
39 44 201 210 227 268 296 395 417
36 61 111 180 200 315 316 322 440
24 122 145 159 191 209 244 280 460
30 85 101 144 172 334 343 378 451
21 29 81 182 243 350 389 466 479
13 143 151 159 321 337 394 424 450
39 41 202 221 276 311 371 417 464
4 43 44 235 275 320 445 457 487
1 25 46 173 215 272 277 424 499
38 43 44 107 236 289 356 409 433
35 93 107 108 117 198 200 438 445
11 143 155 194 285 308 331 332 444
28 70 129 181 248 258 323 387 498
20 193 227 251 310 383 388 393 462
43 77 78 148 156 190 234 252 384
5 33 34 58 115 203 301 322 485
38 92 224 238 243 373 388 389 451
41 47 160 211 333 345 391 423 445
134 169 281 295 358 365 388 397 452
39 67 109 232 251 374 424 436 454
92 197 227 238 389 414 422 434 476
3 23 60 96 218 224 276 416 419
40 101 161 179 258 276 408 440 494
165 251 281 288 334 338 366 372 403
50 107 156 167 186 298 311 343 450
42 143 190 195 291 326 327 356 427
94 131 219 237 262 277 397 437 459
36 38 127 180 203 219 241 271 339
24 39 83 84 184 189 353 411 495
52 79 117 119 166 333 410 479 482
51 86 98 165 175 262 297 426 473
36 66 83 87 176 207 253 349 403
25 131 160 202 213 253 255 258 363
130 144 147 210 368 390 392 417 446
11 34 119 185 284 292 327 394 435
118 144 153 180 231 268 295 330 368
105 109 149 187 195 261 319 368 490
55 133 137 169 202 272 300 341 363
24 54 236 356 389 395 413 450 497
14 44 47 107 240 325 369 408 442
64 94 131 148 221 301 337 353 447
100 144 151 173 179 242 253 275 315
66 138 190 231 234 237 244 427 439
14 153 163 244 268 333 338 385 497
50 81 172 201 298 352 387 405 472
13 22 69 239 248 258 336 366 384
54 172 239 249 250 267 377 466 472
7 164 305 353 415 425 462 473 489
73 74 116 163 213 279 340 352 353
37 125 155 209 269 311 320 400 436
122 127 141 159 311 326 360 403 406
125 139 158 171 246 255 390 402 418
107 128 275 324 333 334 352 362 473
20 50 56 64 151 163 358 417 423
75 89 92 119 144 221 280 381 454
8 75 106 140 228 232 240 315 381
21 131 161 227 303 372 401 441 481
70 190 218 237 287 295 417 440 490
58 162 234 290 291 302 330 366 367
53 164 168 254 289 309 316 442 477
107 198 223 234 341 348 448 455 489
19 34 115 230 236 256 258 299 334
8 128 140 201 255 451 475 482 494
52 104 138 197 246 382 425 426 496
6 34 177 267 342 348 432 483 497
75 99 133 215 249 259 326 344 383
106 122 155 191 242 279 315 448 451
111 333 360 388 415 421 424 466 480
30 142 168 232 251 380 465 486 487
53 106 230 313 400 410 445 470 471
91 178 266 279 370 401 443 476 477
76 149 185 220 223 277 381 419 478
154 174 199 308 338 399 433 435 448
94 133 238 328 359 367 386 412 427
22 30 54 77 78 174 208 238 338
40 45 108 216 335 364 386 398 476
69 101 122 152 228 298 360 387 412
26 214 230 272 302 349 374 430 437
51 65 225 235 314 347 351 412 413
9 135 138 215 233 268 369 428 498
69 170 209 279 307 424 460 482 499
23 211 220 256 302 370 487 491 500
8 24 153 173 246 247 302 306 434
14 31 89 98 250 380 394 398 473
55 97 136 156 199 313 321 461 480
104 160 232 233 267 321 465 488 498
66 70 199 264 299 326 368 410 449
12 20 49 152 189 304 332 342 380
37 72 84 100 151 313 340 347 369
67 85 153 171 216 252 300 317 370
58 81 86 163 206 327 437 454 456
3 48 130 143 158 220 437 456 492
76 95 118 135 158 174 277 391 435
48 94 108 175 187 284 338 377 494
23 78 167 229 235 264 360 391 424
18 103 166 242 286 345 391 440 489
34 68 94 135 175 191 270 282 482
27 97 100 105 130 148 173 278 477
68 79 145 157 172 214 277 322 331
216 348 361 417 431 456 474 488 496
32 36 45 71 241 342 361 416 467
65 83 87 157 190 223 357 469 484
43 69 119 149 152 225 301 312 417
3 216 229 232 236 241 324 343 387
82 140 141 278 290 352 353 357 450
47 64 94 109 121 335 412 464 481
80 116 235 356 365 412 419 429 474
39 91 93 103 112 242 275 307 359
30 73 129 245 265 388 435 446 474
93 134 168 212 289 336 364 463 479
49 52 98 143 154 201 355 415 475
30 95 227 246 276 286 420 439 453
22 74 96 227 291 293 304 429 457
88 155 219 262 376 437 446 474 483
30 63 70 81 102 112 282 409 465
1 64 81 175 301 305 309 330 499
29 40 74 107 270 295 317 335 376
47 55 66 158 211 297 440 463 500
6 163 167 175 204 207 211 348 462
20 124 169 225 287 346 371 392 422
34 102 147 168 206 219 246 324 366
38 55 57 63 96 133 184 441 449
21 184 220 304 373 376 399 458 461
31 117 134 193 230 249 282 406 413
42 46 158 239 245 309 318 397 452
13 188 194 195 244 245 263 467 494
2 17 48 126 287 317 319 349 415
2 57 120 145 234 329 344 408 429
34 73 90 93 121 237 300 306 312
9 76 88 124 168 297 327 438 500
120 152 163 182 253 254 284 443 451
207 292 379 385 389 438 461 481 491
35 207 225 273 295 313 354 359 410
53 214 218 234 316 344 396 407 484
12 78 115 200 224 291 300 345 461
65 74 75 96 129 201 220 230 317
16 50 104 106 281 306 337 371 479
99 185 321 348 351 354 442 482 498
59 122 135 242 290 315 367 379 395
86 153 327 329 344 346 347 421 495
27 84 93 172 178 199 382 469 494
1 90 117 176 331 379 386 393 427
14 194 280 285 335 336 369 400 422
48 141 165 263 320 326 407 464 474
63 67 86 250 301 321 364 405 427
45 188 209 240 256 377 424 444 496
115 116 274 295 312 333 369 437 475
11 19 137 183 218 236 282 291 342
29 123 273 290 360 392 462 491 499
2 13 36 95 334 347 396 443 455
29 79 135 154 178 186 286 377 483
25 29 44 62 76 82 135 418 495
141 240 255 259 410 426 433 474 489
130 196 242 275 317 337 345 349 463
15 148 228 229 265 281 285 325 405
65 87 145 147 256 257 335 337 465
27 61 117 235 251 255 303 336 483
19 63 152 193 307 345 347 425 470
13 18 187 254 278 312 414 469 495
26 152 189 316 378 388 395 451 468
38 60 113 132 164 271 322 469 472
25 34 44 82 188 281 294 442 453
17 61 72 126 148 165 263 308 430
42 72 146 155 185 190 300 376 402
3 57 76 131 205 239 330 444 485
66 148 292 317 356 357 363 411 431
22 29 123 146 156 335 362 418 496
31 83 114 115 224 246 380 404 465
18 114 257 309 349 386 405 417 446
69 129 145 156 168 218 250 346 439
17 137 138 173 238 310 316 344 498
22 157 253 264 265 272 368 429 453
181 259 261 323 340 353 404 407 499
18 35 161 198 268 295 320 389 455
72 100 157 181 247 309 439 473 495
33 61 175 181 241 261 282 350 375
62 83 164 199 255 329 421 458 460
170 218 262 390 444 452 481 485 499
88 141 185 217 276 304 307 309 343
79 84 85 231 255 363 466 492 497
124 175 195 216 266 406 432 469 470
6 9 56 87 118 147 193 419 498
8 71 121 123 173 210 258 382 383
14 15 45 86 127 150 279 361 377
17 18 99 154 176 244 250 308 404
32 154 203 238 248 260 307 377 438
2 24 132 151 216 230 316 404 471
17 32 91 100 109 219 325 435 463
107 123 128 134 179 224 327 379 484
6 91 128 193 271 367 376 420 493
48 98 102 213 314 322 328 386 406
35 94 149 242 281 321 337 375 442
45 136 153 220 280 434 469 471 497
23 27 41 104 126 178 246 325 431
52 62 113 132 263 354 366 404 468
10 92 104 116 156 162 301 346 370
82 153 170 183 258 273 285 358 445
7 75 82 140 295 380 385 394 475
71 219 228 231 251 266 388 397 415
6 50 123 257 288 323 383 449 474
53 60 137 145 328 376 390 401 478
52 112 237 257 336 340 385 411 422
102 112 200 278 283 318 330 339 455
142 155 167 185 192 204 214 365 404
146 180 196 222 301 352 402 409 419
176 306 309 337 356 430 450 453 486
6 198 274 342 392 397 398 443 460
30 96 105 109 171 178 292 314 369
19 183 186 194 202 345 347 369 447
19 31 116 174 276 306 454 483 485
1 43 70 146 312 325 327 352 435
58 140 153 209 217 273 280 322 349
17 153 194 208 249 292 303 329 355
25 43 70 148 175 179 214 222 381
41 103 186 192 200 311 324 427 483
5 18 32 130 142 255 270 373 469
16 24 128 147 203 208 210 240 366
11 36 67 88 120 144 190 401 490
88 194 257 261 315 323 399 430 454
53 55 178 187 229 330 373 424 434
2 4 124 159 258 296 370 447 487
7 83 283 285 313 387 440 448 479
22 42 72 92 109 275 313 387 394
215 249 251 271 278 371 452 475 491
21 27 78 254 276 311 369 401 458
126 204 206 231 285 385 448 489 495
44 77 95 97 245 343 377 451 458
1 111 127 147 216 243 374 410 474
55 57 60 137 192 249 280 458 468
49 95 104 106 140 252 344 418 458
26 91 165 331 350 371 384 392 473
167 189 200 249 293 331 428 436 455
23 123 185 199 202 313 371 462 490
95 172 207 218 307 319 359 371 397
56 181 190 193 271 301 311 393 466
120 199 242 300 315 354 427 438 487
7 78 114 128 215 259 350 394 494
8 41 99 170 171 175 329 461 487
24 60 99 127 163 283 291 298 310
4 20 82 136 161 186 257 325 453
20 23 80 132 147 194 302 430 485
3 53 61 62 275 292 318 342 454
35 90 203 212 264 381 383 432 487
13 128 143 149 239 314 361 418 492
48 104 114 214 221 237 393 486 490
88 120 194 223 331 379 415 449 462
54 97 115 225 328 329 367 429 488
94 150 224 271 296 387 442 471 476
31 57 294 298 299 328 341 448 478
2 93 134 229 253 266 284 298 319
124 126 141 220 338 346 396 399 423
56 74 126 288 300 346 396 419 428
21 76 96 150 230 303 372 439 492
38 48 84 160 328 390 416 484 493
39 75 111 229 315 341 398 472 496
3 33 48 85 164 217 243 254 278
83 99 184 211 220 277 289 426 446
16 65 82 145 166 227 256 315 466
38 169 177 269 322 370 389 472 490
37 41 70 148 205 212 267 339 452
37 49 66 179 213 225 233 252 472
171 204 231 332 355 376 461 473 496
7 10 69 90 126 147 203 372 376
23 99 114 178 197 222 249 270 322
9 77 130 157 181 188 254 267 362
34 84 152 177 222 282 324 367 407
46 90 146 202 289 355 411 449 457
16 112 174 213 248 355 408 450 468
52 152 233 265 345 370 419 437 497
14 88 114 139 167 267 365 468 482
21 155 193 198 234 341 365 394 447
12 45 195 249 312 388 422 490 491
5 9 46 105 195 227 245 293 444
33 57 91 95 174 187 395 447 489
11 169 261 287 352 357 379 382 477
3 20 62 76 228 233 296 317 370
40 140 170 223 273 425 434 452 493
51 131 154 243 331 421 470 493 494
2 16 72 121 171 182 267 277 395
62 88 116 131 170 243 273 335 459
51 154 162 186 205 304 420 431 486
33 59 66 71 134 159 166 410 411
25 26 134 145 224 256 265 325 357
14 46 121 279 300 303 429 453 488
10 52 63 95 243 305 405 428 495
19 55 71 72 120 167 219 278 375
32 79 93 193 228 300 310 398 461
57 77 115 128 180 226 439 470 479
101 141 196 209 215 219 381 465 473
29 100 102 123 234 335 373 423 486
133 168 305 323 387 420 421 433 449
28 149 173 183 284 333 360 364 370
116 187 259 303 343 347 414 421 479
78 97 141 177 275 276 382 446 487
6 53 86 112 113 143 228 315 398
47 85 93 104 105 149 233 281 456
19 23 96 186 208 324 354 442 464
109 139 214 227 229 248 254 334 478
16 79 136 186 222 252 278 378 382
47 203 252 264 284 303 354 364 412
49 56 68 118 171 310 320 393 409
3 34 77 222 263 295 304 403 481
19 87 105 108 164 282 294 384 484
42 78 84 114 127 157 160 241 307
10 20 264 266 364 384 437 445 460
31 62 101 139 237 284 349 428 500
76 90 119 173 266 290 313 397 494
48 124 263 304 336 340 361 390 394
4 9 26 79 141 204 211 285 496
117 200 217 240 260 314 402 444 482
8 28 54 152 169 414 420 426 485
37 44 115 123 137 208 242 287 299
33 119 150 157 178 188 205 416 429
9 120 160 221 246 314 323 423 432
14 64 72 364 404 422 426 488 500
5 51 67 138 142 179 256 272 466
61 87 113 130 207 243 285 386 473
11 114 149 192 227 257 342 421 492
96 101 208 269 284 287 372 378 455
101 160 217 228 261 332 361 385 404
8 35 37 91 98 188 319 404 456
12 83 160 174 317 408 417 451 477
1 198 208 222 311 356 422 470 483
62 130 144 222 313 376 410 412 419
86 93 206 216 236 255 378 398 423
8 63 71 132 166 379 380 406 434
80 124 176 180 260 262 265 285 436
10 63 125 207 241 358 371 395 498
5 24 43 122 204 221 319 493 497
16 70 85 113 247 291 338 339 367
95 158 219 226 260 283 424 460 484
25 56 189 212 256 259 293 432 436
9 50 133 208 268 350 366 436 488
68 171 261 286 292 360 368 374 446
11 13 78 81 110 129 322 467 492
29 97 113 170 172 244 393 395 478
4 75 86 151 299 332 431 442 456
28 37 108 220 225 240 247 261 437
1 57 71 75 204 278 319 344 472
7 11 148 151 332 402 461 472 488
125 132 198 228 336 337 430 452 460
15 24 39 40 85 267 328 440 462
134 228 279 284 403 407 432 440 463
67 152 174 218 269 271 301 339 414
7 57 89 144 151 201 296 377 459
17 67 128 183 223 282 306 350 369
12 72 111 247 248 294 360 406 446
7 66 85 93 298 366 401 412 433
25 46 135 162 265 319 330 441 490
31 118 142 185 216 364 377 436 449
32 55 76 87 127 310 370 409 441
38 97 263 274 365 417 422 479 497
12 126 159 163 199 292 305 357 408
101 155 183 318 656 763 789 858 875 970 986
300 320 576 600 774 775 797 834 868 897 926
102 164 440 669 739 751 812 889 903 923 949
122 179 263 489 510 536 655 868 887 956 984
153 340 490 555 612 634 663 863 920 963 976
127 190 260 297 712 766 829 837 847 854 942
128 206 334 695 845 869 884 910 987 992 995
446 578 622 703 710 730 830 885 958 968 973
22 129 137 727 777 829 912 920 956 961 980
101 141 231 450 479 583 843 910 932 952 975
185 528 617 659 682 795 865 922 965 982 987
425 435 449 483 502 735 782 919 969 994 1000
126 147 462 541 653 693 773 797 806 891 982
107 474 585 687 691 731 790 831 917 931 962
48 78 209 326 527 584 589 595 802 831 989
119 423 621 623 784 864 905 915 926 946 977
148 225 567 645 774 810 818 832 835 860 993
274 363 486 503 626 743 806 816 821 832 863
172 235 474 709 795 805 856 857 933 944 950
247 391 581 661 701 735 767 887 888 923 952
11 53 193 569 600 652 704 770 872 900 918
200 265 348 400 557 693 722 760 814 819 870
61 146 434 669 729 742 841 880 888 911 944
236 494 650 676 686 730 834 864 886 976 989
556 595 614 656 680 799 809 861 930 979 996
19 228 253 562 622 644 725 807 878 930 956
41 548 584 599 619 629 745 788 804 841 872
28 229 496 498 532 589 641 660 939 958 985
262 551 618 652 764 796 798 799 814 937 983
190 350 439 621 651 716 722 756 759 762 855
100 444 489 608 731 771 815 857 896 953 997
257 371 445 486 543 748 833 835 863 934 998
88 137 396 504 633 663 823 903 921 929 960
41 663 682 709 712 744 768 776 809 913 949
156 418 471 597 607 658 780 821 839 890 968
89 441 541 600 628 649 675 679 748 797 865
134 279 472 623 697 736 907 908 959 968 985
205 280 496 657 664 675 769 808 901 906 999
9 296 328 355 648 654 667 676 755 902 989
83 204 227 269 298 612 670 723 764 924 989
194 215 458 519 631 654 665 841 862 885 907
82 133 504 575 601 629 673 772 811 870 951
279 569 580 619 655 657 662 750 858 861 976
306 477 536 648 655 657 687 799 809 874 959
60 476 574 613 635 723 748 793 831 840 919
144 241 432 560 643 656 772 914 920 931 996
126 317 379 455 585 665 687 753 765 943 947
3 325 739 741 774 791 838 892 901 903 955
222 347 484 525 608 628 735 758 877 908 948
300 330 420 604 635 672 692 701 784 847 980
312 418 511 515 569 636 678 726 925 928 963
202 428 532 644 677 711 758 842 849 916 932
155 469 566 617 707 717 781 848 867 889 942
81 140 407 546 614 632 686 694 722 894 958
499 502 520 685 732 765 769 867 876 933 998
67 303 455 498 626 701 829 882 899 948 979
522 596 769 775 812 876 896 921 935 986 992
55 138 329 330 427 475 522 663 706 738 859
13 26 158 233 404 532 542 549 587 786 929
22 61 291 365 591 613 669 808 848 876 886
74 388 419 546 622 649 804 810 823 889 964
48 515 564 799 824 842 889 923 927 953 971
220 567 620 642 762 769 792 805 932 973 975
150 152 448 480 559 633 688 701 753 763 962
57 184 538 628 629 645 726 749 783 803 905
603 609 641 679 690 734 765 813 908 929 995
106 148 563 588 667 737 792 865 963 991 993
35 301 354 423 468 518 558 744 746 948 981
115 284 559 636 639 693 724 728 750 817 910
534 556 623 660 705 734 762 858 861 907 977
553 588 602 622 748 830 846 929 933 973 986
383 527 736 810 811 822 870 926 933 962 994
69 109 363 436 478 517 544 615 696 756 776
74 103 339 454 572 617 696 760 764 783 899
310 333 383 702 703 713 783 845 902 984 986
219 537 719 740 777 799 812 900 923 954 998
175 346 375 517 570 662 722 874 912 935 949
295 412 662 722 742 782 872 884 941 951 982
163 186 335 633 677 746 798 827 934 946 956
86 182 254 389 472 494 500 617 754 888 974
72 276 469 531 594 652 692 738 762 763 982
81 90 286 367 752 799 809 844 845 887 905
89 477 612 676 679 749 815 824 869 904 969
315 520 637 639 676 736 788 827 901 913 951
146 547 566 651 737 827 903 943 977 989 995
234 580 643 678 738 787 792 831 942 972 984
192 452 507 591 679 749 803 829 950 964 998
143 513 611 761 777 826 865 866 893 917 927
246 271 282 298 410 424 508 575 702 731 992
66 276 365 456 626 776 789 890 910 914 954
357 595 639 646 718 755 835 837 878 921 968
285 309 430 556 568 617 664 668 702 843 870
326 658 755 757 776 788 897 934 943 972 995
25 87 248 674 688 721 741 744 753 839 895
214 545 740 759 797 874 877 881 921 932 978
535 629 640 669 760 769 783 855 900 944 966
118 133 226 480 732 745 874 894 941 983 999
198 308 330 420 632 643 678 731 758 838 968
169 283 561 612 713 785 832 885 886 904 911
247 387 445 554 607 689 736 745 822 835 937
189 345 399 416 651 670 724 936 953 966 967
360 369 418 456 533 566 762 768 838 850 937
4 43 71 281 349 390 571 596 743 755 862
605 609 642 711 733 784 841 843 877 892 943
67 174 194 381 482 684 745 855 920 943 950
96 177 486 573 582 621 703 714 717 784 877
119 469 508 657 658 672 687 700 708 764 836
7 235 625 642 646 647 658 723 741 950 985
331 568 585 623 667 684 753 835 855 870 945
21 429 443 456 459 591 604 617 631 647 982
144 180 292 322 614 645 649 715 875 902 994
139 441 612 613 624 755 762 849 850 915 942
59 237 515 538 639 808 842 942 964 977 983
484 485 577 815 816 884 892 911 917 951 965
18 496 623 663 709 782 794 815 894 935 959
17 40 47 345 696 754 794 843 857 927 940
39 446 492 608 643 658 677 771 789 804 957
25 92 254 458 625 644 683 740 829 948 997
36 187 303 368 533 677 682 702 750 954 960
283 319 433 463 775 778 865 883 893 933 961
77 291 309 396 516 647 753 776 830 926 931
5 62 170 315 615 650 698 714 724 786 976
38 104 630 796 814 830 836 847 880 937 959
372 467 492 644 767 777 828 868 898 955 974
32 65 153 296 314 368 554 697 699 975 988
302 602 644 774 810 841 873 898 899 910 1000
76 332 562 630 675 698 831 875 886 951 998
461 522 700 710 836 837 864 884 891 935 993
53 243 252 572 593 640 660 756 783 817 982
347 376 535 681 739 745 801 863 912 964 971
136 285 288 495 674 680 688 704 812 925 927
169 197 357 579 642 808 834 842 888 973 988
68 348 373 491 519 685 713 721 769 938 980
60 567 604 666 757 771 836 897 929 930 990
102 135 442 625 727 740 744 786 798 799 996
211 269 281 407 579 638 647 732 840 887 946
99 336 390 508 637 685 795 818 848 876 959
52 325 436 565 628 637 690 711 727 818 963
114 395 428 499 519 583 627 699 917 945 953
321 593 619 641 703 710 752 845 859 877 924
192 286 698 752 791 800 826 898 936 941 956
98 145 191 289 308 610 716 851 863 963 997
307 359 435 619 653 659 673 739 758 891 942
123 332 399 651 681 683 689 702 865 971 992
459 505 592 650 746 775 803 817 848 905 930
54 251 299 378 572 614 811 814 852 858 914
304 400 638 681 768 803 829 864 875 888 910
300 646 662 688 745 802 810 813 861 907 987
42 154 355 684 719 750 839 891 939 943 965
255 301 394 425 458 500 619 831 895 900 960
31 130 581 653 689 701 736 834 984 987 992
617 724 735 750 778 805 807 913 916 958 991
277 308 683 691 730 737 787 840 844 859 860
217 277 478 720 758 798 832 833 925 928 0
207 419 609 659 697 714 761 811 851 918 0
173 353 366 385 662 672 732 814 817 843 0
37 616 628 746 749 819 822 912 951 960 0
168 543 592 630 699 739 740 765 772 978 0
341 421 584 636 650 653 698 868 929 1000 0
31 320 665 680 733 901 951 961 967 969 0
162 198 234 386 567 617 670 704 821 887 0
360 375 505 506 598 626 706 843 928 996 0
178 338 691 696 701 738 766 778 886 1000 0
305 400 622 625 695 707 808 824 903 950 0
179 228 370 433 588 671 678 791 810 878 0
278 526 601 616 644 677 743 905 929 973 0
33 35 37 672 742 766 851 879 917 933 0
13 151 159 707 716 757 768 777 817 938 0
318 351 362 620 666 685 767 906 922 958 0
448 609 636 728 825 844 885 924 927 983 0
374 643 699 737 855 885 909 926 948 981 0
34 537 539 651 692 694 746 788 881 983 0
306 536 656 689 730 745 818 830 939 954 0
352 609 720 722 740 857 915 921 969 991 0
638 678 741 744 763 766 823 828 861 885 0
195 336 397 554 614 679 789 832 853 974 0
159 271 281 550 599 625 712 906 913 941 0
512 610 718 788 798 841 855 867 911 960 0
108 415 566 611 670 689 836 861 908 963 0
17 337 434 552 649 675 683 852 935 974 0
112 183 597 647 660 820 822 823 882 912 0
106 304 359 388 445 487 645 652 778 926 0
290 432 447 630 642 795 844 856 939 993 0
51 472 514 527 576 598 676 769 770 904 0
301 632 682 719 785 811 826 851 880 997 0
130 625 672 798 856 862 887 928 944 946 0
135 327 538 553 684 741 806 867 921 940 0
434 551 592 622 773 793 809 912 960 968 0
69 196 328 470 545 676 735 807 879 979 0
550 610 662 673 690 705 749 811 865 882 0
115 117 353 423 426 619 621 650 714 744 0
94 222 514 524 577 634 851 862 876 965 0
561 574 661 771 805 829 837 882 918 934 0
110 610 659 773 790 856 860 866 888 893 0
94 97 103 558 673 684 773 828 919 920 0
131 357 473 493 539 613 618 801 852 936 0
90 200 287 371 611 613 640 668 711 911 0
83 273 415 658 708 821 854 918 970 988 0
433 644 720 732 734 788 824 880 883 1000 0
20 45 176 649 658 782 850 862 879 957 0
298 533 540 602 648 692 710 758 783 992 0
237 416 603 635 654 680 685 856 880 914 0
97 333 398 663 675 833 864 890 910 947 0
12 397 521 766 851 873 909 956 976 986 0
68 166 216 361 501 633 812 907 928 960 0
185 408 437 501 530 642 738 768 873 972 0
143 229 631 679 766 779 780 881 964 975 0
15 302 722 860 864 944 959 966 970 980 0
2 227 359 415 650 697 728 793 859 936 0
39 406 449 462 580 637 648 681 830 864 0
127 165 356 641 665 729 765 766 904 956 0
19 132 158 572 602 630 757 890 907 979 0
5 120 346 525 589 680 696 838 908 915 0
283 411 542 725 746 781 851 861 892 945 0
44 243 293 545 656 713 727 871 884 936 0
611 723 737 747 751 828 834 875 972 997 0
30 142 539 564 621 826 859 903 957 967 0
518 578 669 705 781 795 817 825 881 991 0
3 674 675 761 768 835 846 933 936 978 0
624 719 729 739 770 783 840 898 904 985 0
451 510 530 629 654 688 702 892 961 976 0
313 479 852 861 911 913 946 949 970 971 0
180 620 625 628 708 719 749 893 924 993 0
73 149 238 664 669 782 815 836 895 930 0
482 530 610 726 750 767 780 894 908 985 0
142 325 444 490 603 624 629 631 935 978 0
648 661 668 704 759 760 905 920 945 965 0
703 724 802 846 923 934 942 967 988 990 0
164 270 621 742 751 802 867 897 902 945 0
240 371 465 709 717 725 771 783 834 900 0
211 293 403 640 683 690 827 846 873 909 0
346 382 497 524 637 667 703 716 733 751 0
40 59 285 355 727 733 908 916 923 943 0
256 587 662 690 706 708 775 781 918 937 0
123 334 417 529 549 655 726 742 754 804 0
312 406 477 615 657 686 709 751 795 972 0
417 488 632 674 690 705 776 849 892 953 0
93 447 609 611 664 668 721 722 818 833 0
125 292 481 622 641 693 694 772 812 891 0
98 370 384 687 703 793 800 864 957 985 0
131 350 408 511 675 748 751 823 951 975 0
140 689 714 743 755 786 801 839 883 959 0
278 640 652 664 875 903 925 927 932 964 0
84 311 420 575 650 690 691 773 832 983 0
318 389 427 474 606 756 772 773 874 920 0
311 636 699 711 730 759 768 815 841 961 0
409 559 571 617 623 730 822 977 985 994 0
209 262 414 464 660 693 833 915 945 994 0
141 694 713 771 860 871 876 879 911 919 0
45 267 343 478 628 694 731 792 817 832 0
382 437 631 661 667 671 716 804 846 871 0
337 403 464 565 662 737 877 908 946 947 0
413 540 555 579 679 680 689 778 819 897 0
236 393 460 707 778 806 872 903 912 945 0
352 680 699 710 800 804 824 827 863 972 0
78 627 709 729 793 803 905 930 963 979 0
70 246 453 803 816 847 849 866 887 965 0
397 467 660 670 680 693 709 830 844 868 0
12 162 224 535 713 800 820 884 940 979 0
26 178 322 497 544 606 833 957 974 978 0
463 565 684 820 823 866 922 967 981 985 0
181 410 413 549 577 674 678 761 825 974 0
34 86 358 773 791 810 842 949 955 999 0
288 609 615 645 734 742 819 890 947 952 0
257 561 624 756 802 819 916 930 974 996 0
49 54 589 607 718 828 846 897 952 954 0
523 635 694 712 733 907 912 917 926 989 0
116 202 608 633 648 683 691 727 821 980 0
6 165 317 616 627 629 697 906 966 991 0
88 108 316 335 438 640 744 764 863 911 0
503 613 634 675 808 837 871 882 895 991 0
73 100 264 312 578 656 685 725 819 963 0
425 510 526 597 780 796 844 859 924 927 0
32 242 353 598 611 620 646 794 854 999 0
319 560 655 689 700 755 801 870 889 941 0
149 552 654 669 670 759 826 857 872 941 0
43 576 612 656 674 719 740 746 904 926 0
573 745 752 806 850 871 903 933 946 986 0
18 462 640 696 714 718 728 831 931 990 0
116 219 221 448 650 702 790 840 859 876 0
238 329 632 666 671 784 802 809 839 943 0
431 544 744 762 771 795 823 913 950 993 0
374 398 475 495 499 622 850 869 886 978 0
203 682 741 778 897 939 947 953 966 990 0
405 659 790 802 844 869 873 956 964 974 0
272 291 364 391 605 627 743 759 798 981 0
157 344 468 618 705 767 774 922 959 966 0
118 124 395 504 516 542 619 671 847 899 0
265 287 570 610 634 657 707 757 904 914 0
11 278 466 531 606 706 752 786 796 954 0
334 351 555 673 706 760 782 795 886 977 0
21 509 682 779 813 855 860 889 981 1000 0
233 548 597 598 627 634 760 879 920 979 0
112 174 533 548 564 610 809 896 950 994 0
387 666 683 705 764 780 794 821 845 949 0
47 113 175 210 639 648 868 895 923 992 0
323 339 416 444 547 552 614 678 765 777 0
111 377 430 672 692 724 886 896 897 995 0
342 366 563 595 613 709 734 896 959 984 0
282 685 737 776 782 811 883 899 931 934 0
635 663 688 750 763 792 843 852 882 991 0
129 321 571 582 590 706 725 729 730 888 0
199 290 327 704 804 860 900 931 940 947 0
356 449 563 735 760 770 826 928 949 955 0
275 299 379 518 625 695 763 932 938 1000 0
156 294 327 524 730 776 784 853 857 993 0
91 387 628 728 755 805 826 833 881 951 0
9 160 207 376 430 637 659 720 810 832 0
105 427 612 707 763 772 816 822 826 853 0
16 84 307 507 661 818 886 934 948 998 0
10 470 654 672 697 698 862 872 882 970 0
14 319 489 626 750 776 794 806 858 919 0
585 717 732 736 780 869 870 880 954 971 0
277 354 390 644 726 838 855 891 957 961 0
649 689 703 714 786 866 883 902 905 942 0
64 528 613 622 649 707 781 807 818 834 0
380 393 737 764 774 783 801 813 923 969 0
55 64 80 250 405 501 643 772 850 889 0
324 413 684 774 881 897 968 976 986 996 0
256 513 586 612 620 655 697 791 821 948 0
171 336 372 453 653 732 733 785 792 839 0
274 649 663 746 808 838 859 906 911 982 0
168 320 586 636 660 820 847 866 938 961 0
120 232 547 641 700 751 768 862 913 944 0
63 239 525 687 802 835 841 858 887 930 0
218 467 614 624 637 673 698 713 734 791 0
378 536 618 673 682 738 777 787 836 858 0
82 388 609 721 838 848 894 896 901 989 0
373 422 497 623 775 787 824 860 885 894 0
217 360 435 683 706 763 812 850 867 996 0
91 95 258 659 746 789 878 879 893 925 0
289 532 553 594 659 735 909 967 984 987 0
188 230 267 665 677 691 700 715 794 939 0
452 465 531 550 651 671 700 709 797 945 0
439 594 723 753 764 790 803 814 927 937 0
79 379 618 693 757 790 804 849 955 988 0
85 113 653 688 784 801 803 839 853 988 0
188 310 393 671 691 720 722 741 898 977 0
150 431 569 616 644 675 850 907 977 991 0
147 245 565 592 626 696 736 820 849 955 0
23 263 362 438 645 685 708 896 902 918 0
377 412 582 712 735 748 795 854 889 965 0
109 213 337 391 651 672 751 826 874 940 0
266 611 647 713 775 781 787 818 877 986 0
58 314 640 665 743 782 801 805 856 916 0
299 409 476 551 767 787 817 843 898 899 0
205 331 610 726 736 787 797 805 856 940 0
160 558 601 610 616 708 712 747 766 785 0
72 145 484 679 725 774 801 816 859 953 0
46 187 443 626 652 823 878 884 980 993 0
51 206 261 323 331 369 399 411 726 785 0
340 460 638 692 696 700 752 852 858 922 0
62 268 557 618 676 688 695 696 752 820 0
50 92 279 473 780 785 842 883 944 947 0
181 323 401 431 639 758 860 909 914 915 0
528 590 601 657 673 686 754 813 853 970 0
1 93 107 521 749 752 813 922 930 1000 0
348 440 480 562 633 646 666 701 844 975 0
50 314 316 404 583 618 721 755 780 881 0
604 632 698 715 724 742 796 939 981 994 0
63 389 616 624 747 748 831 891 955 967 0
184 191 193 203 534 603 618 700 814 912 0
52 154 210 282 628 629 680 685 813 827 0
70 249 723 757 792 939 947 952 962 997 0
166 253 446 500 666 754 851 917 918 999 0
80 157 671 693 706 768 842 864 980 995 0
403 479 607 706 721 786 837 894 913 977 0
204 457 627 642 681 683 684 734 819 981 0
392 687 727 736 790 794 855 856 872 993 0
718 729 737 843 868 906 916 923 939 998 0
385 632 654 767 784 871 878 880 881 975 0
76 338 573 594 613 671 704 900 910 966 0
2 122 307 506 545 664 770 863 867 937 0
14 117 134 358 475 634 667 725 875 981 0
139 201 322 341 509 605 627 823 839 933 0
615 761 764 770 811 837 848 909 910 971 0
186 694 741 793 798 831 833 874 992 997 0
111 392 451 541 550 651 807 946 966 972 0
295 553 645 779 786 789 836 893 922 973 0
273 395 584 646 716 731 735 815 845 973 0
244 358 381 523 702 703 719 861 890 936 0
251 473 615 630 711 788 830 922 941 946 0
340 396 485 624 635 661 713 830 847 890 0
161 292 426 468 512 662 693 878 950 952 0
85 367 537 583 691 779 845 849 873 967 0
46 245 345 634 721 723 789 816 838 964 0
333 620 660 692 724 751 869 870 895 938 0
548 568 661 664 666 715 756 807 846 919 0
24 402 633 652 664 668 686 779 821 906 0
7 167 255 615 681 699 825 848 901 955 0
341 491 580 586 596 637 665 740 742 743 0
36 151 451 578 599 681 767 796 854 878 0
268 511 544 574 661 789 882 892 948 983 0
635 641 653 682 731 845 870 884 918 955 0
216 426 648 686 786 807 921 926 975 983 0
354 366 551 579 643 646 781 797 898 899 0
264 494 507 666 674 772 846 854 881 954 0
8 259 557 723 731 854 902 934 942 972 0
197 289 352 381 410 621 720 770 866 898 0
221 303 332 367 461 488 557 697 717 790 0
38 258 422 642 704 718 848 865 872 995 0
10 384 555 609 647 699 811 852 957 987 0
259 380 394 521 619 671 679 698 949 990 0
630 815 820 832 834 842 851 962 967 968 0
15 286 310 632 639 692 792 802 816 932 0
138 284 401 441 698 771 828 838 973 994 0
114 376 392 409 611 781 791 820 913 990 0
587 616 618 638 670 687 775 915 969 1000 0
225 453 564 590 621 657 762 852 948 998 0
429 623 677 717 734 780 800 875 929 971 0
230 284 347 372 614 676 813 849 914 929 0
344 635 721 724 726 753 754 947 971 995 0
56 65 104 215 455 537 621 686 726 771 0
79 239 302 343 424 668 806 940 958 991 0
437 471 546 547 695 715 758 774 846 893 0
226 328 362 432 457 498 669 748 901 960 0
648 654 681 701 705 747 750 816 969 999 0
172 297 587 605 615 699 799 814 877 891 0
293 582 669 719 754 829 852 899 916 971 0
466 552 586 616 647 759 837 928 938 958 0
110 380 398 715 787 824 925 938 940 965 0
365 440 668 767 790 849 919 962 970 999 0
4 329 637 645 665 701 898 937 961 972 0
629 653 656 667 715 728 742 793 867 978 0
24 260 364 443 543 591 695 711 805 924 0
132 342 485 558 678 711 800 904 958 962 0
8 343 429 673 690 721 789 792 862 883 0
16 538 559 561 638 727 879 899 932 953 0
167 373 483 754 760 775 819 894 931 960 0
56 105 315 363 725 810 853 866 888 988 0
96 244 304 326 529 747 813 841 928 984 0
275 459 529 611 712 828 890 961 979 990 0
6 383 506 554 639 657 720 800 938 995 0
493 495 509 636 668 730 840 867 924 973 0
240 242 394 576 682 720 740 756 835 858 0
42 406 630 667 697 879 974 979 980 997 0
490 674 725 738 739 761 794 916 952 985 0
30 163 414 481 570 658 777 779 833 883 0
212 335 428 631 690 759 817 822 900 935 0
512 590 649 670 705 743 765 869 989 990 0
29 161 214 351 482 640 704 769 996 998 0
252 520 687 707 785 809 839 895 944 984 0
87 250 404 442 568 623 718 778 797 854 0
249 465 492 633 659 793 812 825 920 957 0
378 619 620 625 655 658 665 717 844 952 0
57 349 681 756 761 816 904 941 981 994 0
176 295 316 535 562 688 856 868 918 921 0
128 223 588 593 708 714 720 869 873 896 0
361 438 636 734 769 847 893 914 938 997 0
121 199 436 614 653 672 686 752 853 915 0
44 639 651 664 710 714 778 807 874 969 0
171 294 305 666 772 825 871 907 924 988 0
452 540 643 646 759 809 819 853 887 931 0
447 539 631 636 667 702 738 857 866 889 0
152 450 575 633 708 797 821 850 879 966 0
58 408 461 641 738 739 747 943 968 984 0
71 208 364 560 596 626 627 655 760 914 0
311 401 571 631 770 824 872 874 876 877 0
266 368 370 488 599 620 638 674 927 992 0
29 124 231 650 728 824 854 952 978 988 0
324 382 732 770 779 782 885 909 934 987 0
201 223 502 661 695 766 796 880 893 989 0
288 377 543 606 643 757 765 801 835 990 0
439 454 470 514 634 646 654 753 791 944 0
28 375 422 642 716 733 762 803 815 936 0
95 306 626 652 694 715 827 882 905 963 0
75 195 402 412 577 616 647 748 773 982 0
75 414 457 556 615 807 842 876 915 917 0
182 287 487 749 788 806 808 828 840 863 0
261 280 573 581 717 805 828 925 935 970 0
424 454 491 581 612 624 717 834 840 895 0
471 627 692 694 808 902 906 908 986 987 0
645 678 695 700 731 822 878 909 936 964 0
196 641 747 754 756 761 791 800 847 875 0
33 290 321 369 638 710 758 794 845 871 0
27 313 342 350 417 450 668 718 723 895 0
189 208 356 464 505 707 718 745 922 969 0
212 374 526 563 624 719 848 896 945 983 0
463 503 652 677 757 784 869 935 940 999 0
23 49 136 296 407 419 466 516 715 732 0
493 593 600 632 638 704 753 779 825 949 0
280 421 630 677 710 728 744 785 917 957 0
99 121 349 712 761 798 804 857 862 970 0
66 170 487 534 749 781 836 901 950 978 0
125 248 309 517 663 812 825 857 888 958 0
218 313 483 631 635 716 853 892 928 937 0
297 384 655 716 729 868 883 885 890 941 0
305 317 476 733 747 894 931 962 980 987 0
20 402 560 570 695 708 743 800 873 921 0
272 386 684 705 865 880 892 906 919 996 0
77 177 534 542 574 729 779 796 871 919 0
344 361 385 421 739 827 891 900 965 982 0
173 232 324 481 634 837 901 924 925 976 0
270 411 670 710 741 773 788 884 925 954 0
213 442 540 676 787 799 806 822 873 932 0
1 386 405 711 747 793 814 902 909 956 0
27 523 686 691 712 827 840 916 976 999 0
220 460 620 660 727 733 785 818 829 975 0
294 338 339 513 656 728 763 796 820 825 0
224 241 541 546 549 729 765 777 953 962 0
