100 20
9 27
2 2 2 2 2 2 2 2 2 2 2 2 2 2 2 2 2 2 2 2 2 2 2 2 2 2 2 2 3 3 3 3 3 3 3 3 3 3 3 3 3 3 3 3 3 3 3 3 3 3 3 3 3 4 4 4 4 4 4 4 4 9 9 9 9 9 9 9 9 9 9 9 9 9 9 9 9 9 9 9 9 9 9 9 9 9 9 9 9 9 9 9 9 9 9 9 9 9 9 9
26 26 25 26 26 26 26 25 27 26 27 26 26 27 25 25 25 24 25 25
5 10 0 0 0 0 0 0 0
7 14 0 0 0 0 0 0 0
13 15 0 0 0 0 0 0 0
4 8 0 0 0 0 0 0 0
7 11 0 0 0 0 0 0 0
8 17 0 0 0 0 0 0 0
8 17 0 0 0 0 0 0 0
4 6 0 0 0 0 0 0 0
5 7 0 0 0 0 0 0 0
7 16 0 0 0 0 0 0 0
10 19 0 0 0 0 0 0 0
8 9 0 0 0 0 0 0 0
5 6 0 0 0 0 0 0 0
3 12 0 0 0 0 0 0 0
2 3 0 0 0 0 0 0 0
8 10 0 0 0 0 0 0 0
6 12 0 0 0 0 0 0 0
1 19 0 0 0 0 0 0 0
1 13 0 0 0 0 0 0 0
13 14 0 0 0 0 0 0 0
7 16 0 0 0 0 0 0 0
6 13 0 0 0 0 0 0 0
2 8 0 0 0 0 0 0 0
18 19 0 0 0 0 0 0 0
4 11 0 0 0 0 0 0 0
18 20 0 0 0 0 0 0 0
1 2 0 0 0 0 0 0 0
9 20 0 0 0 0 0 0 0
10 16 17 0 0 0 0 0 0
11 14 19 0 0 0 0 0 0
1 5 16 0 0 0 0 0 0
3 7 15 0 0 0 0 0 0
2 13 16 0 0 0 0 0 0
2 4 14 0 0 0 0 0 0
2 4 8 0 0 0 0 0 0
2 9 14 0 0 0 0 0 0
4 12 13 0 0 0 0 0 0
9 12 14 0 0 0 0 0 0
1 5 6 0 0 0 0 0 0
2 6 13 0 0 0 0 0 0
4 6 10 0 0 0 0 0 0
2 6 10 0 0 0 0 0 0
6 8 19 0 0 0 0 0 0
7 10 11 0 0 0 0 0 0
3 6 17 0 0 0 0 0 0
8 10 18 0 0 0 0 0 0
4 5 13 0 0 0 0 0 0
10 17 18 0 0 0 0 0 0
12 13 14 0 0 0 0 0 0
3 15 20 0 0 0 0 0 0
1 11 17 0 0 0 0 0 0
2 6 9 0 0 0 0 0 0
2 10 20 0 0 0 0 0 0
2 11 12 18 0 0 0 0 0
1 9 13 19 0 0 0 0 0
9 11 12 18 0 0 0 0 0
3 9 13 15 0 0 0 0 0
6 7 14 20 0 0 0 0 0
7 10 12 18 0 0 0 0 0
5 10 13 15 0 0 0 0 0
2 3 11 17 0 0 0 0 0
1 2 3 4 6 7 10 12 18
4 6 9 10 13 14 16 17 20
1 4 8 9 11 12 15 16 19
1 2 3 4 7 9 10 11 15
1 4 5 8 12 14 16 17 19
1 2 5 6 8 10 11 15 20
5 8 9 12 14 16 17 18 19
5 7 8 9 10 12 16 17 20
1 2 5 8 11 15 16 18 20
4 6 9 11 13 14 15 16 20
3 4 7 11 12 16 17 18 20
3 5 7 10 13 15 18 19 20
1 3 4 8 11 12 13 18 20
1 2 3 5 6 7 9 18 19
4 6 8 9 14 15 16 17 19
5 6 7 13 14 15 16 19 20
5 6 7 8 9 12 14 15 18
1 5 8 10 11 12 14 17 18
1 3 5 7 10 12 14 15 16
5 8 9 12 13 14 17 19 20
2 3 5 10 14 15 17 19 20
1 2 4 5 9 10 11 14 17
1 2 7 11 14 15 16 17 19
1 3 4 5 10 11 16 17 18
4 5 6 7 9 12 15 18 20
4 5 10 11 12 13 14 18 20
3 4 5 10 11 12 14 19 20
1 6 7 10 11 12 13 14 17
7 9 11 12 13 14 15 16 20
1 2 4 9 12 15 17 19 20
1 4 5 7 9 11 13 15 20
3 6 8 9 12 13 15 16 19
2 3 4 6 9 13 14 17 20
1 3 4 7 8 15 18 19 20
3 7 8 11 13 15 16 17 19
2 3 7 11 16 17 18 19 20
1 2 3 6 9 16 17 18 19
1 3 6 8 13 15 16 18 19
2 3 8 9 11 14 16 18 19
18 19 27 31 39 51 55 62 64 65 66 67 70 74 75 79 80 83 84 85 89 91 92 95 98 99 0
15 23 27 33 34 35 36 40 42 52 53 54 61 62 65 67 70 75 82 83 84 91 94 97 98 100 0
14 15 32 45 50 57 61 62 65 72 73 74 75 80 82 85 88 93 94 95 96 97 98 99 100 0 0
4 8 25 34 35 37 41 47 62 63 64 65 66 71 72 74 76 83 85 86 87 88 91 92 94 95 0
1 9 13 31 39 47 60 66 67 68 69 70 73 75 77 78 79 80 81 82 83 85 86 87 88 92 0
8 13 17 22 39 40 41 42 43 45 52 58 62 63 67 71 75 76 77 78 86 89 93 94 98 99 0
2 5 9 10 21 32 44 58 59 62 65 69 72 73 75 77 78 80 84 86 89 90 92 95 96 97 0
4 6 7 12 16 23 35 43 46 64 66 67 68 69 70 74 76 78 79 81 93 95 96 99 100 0 0
12 28 36 38 52 55 56 57 63 64 65 68 69 71 75 76 78 81 83 86 90 91 92 93 94 98 100
1 11 16 29 41 42 44 46 48 53 59 60 62 63 65 67 69 73 79 80 82 83 85 87 88 89 0
5 25 30 44 51 54 56 61 64 65 67 70 71 72 74 79 83 84 85 87 88 89 90 92 96 97 100
14 17 37 38 49 54 56 59 62 64 66 68 69 72 74 78 79 80 81 86 87 88 89 90 91 93 0
3 19 20 22 33 37 40 47 49 55 57 60 63 71 73 74 77 81 87 89 90 92 93 94 96 99 0
2 20 30 34 36 38 49 58 63 66 68 71 76 77 78 79 80 81 82 83 84 87 88 89 90 94 100
3 32 50 57 60 64 65 67 70 71 73 76 77 78 80 82 84 86 90 91 92 93 95 96 99 0 0
10 21 29 31 33 63 64 66 68 69 70 71 72 76 77 80 84 85 90 93 96 97 98 99 100 0 0
6 7 29 45 48 51 61 63 66 68 69 72 76 79 81 82 83 84 85 89 91 94 96 97 98 0 0
24 26 46 48 54 56 59 62 68 70 72 73 74 75 78 79 85 86 87 95 97 98 99 100 0 0 0
11 18 24 30 43 55 64 66 68 73 75 76 77 81 82 84 88 91 93 95 96 97 98 99 100 0 0
26 28 50 53 58 63 67 69 70 71 72 73 74 77 81 82 86 87 88 90 91 92 94 95 97 0 0
