100 50
9 11
2 2 2 2 2 2 2 2 2 2 2 2 2 2 2 2 2 2 2 2 2 2 2 2 2 2 2 2 3 3 3 3 3 3 3 3 3 3 3 3 3 3 3 3 3 3 3 3 3 3 3 3 3 4 4 4 4 4 4 4 4 9 9 9 9 9 9 9 9 9 9 9 9 9 9 9 9 9 9 9 9 9 9 9 9 9 9 9 9 9 9 9 9 9 9 9 9 9 9 9
11 11 11 11 11 11 11 11 11 11 11 11 11 11 10 10 10 10 10 10 10 10 10 10 10 11 10 10 10 10 10 10 10 10 10 10 10 10 10 10 10 10 10 10 9 10 10 10 10 10
35 50 0 0 0 0 0 0 0
24 37 0 0 0 0 0 0 0
5 23 0 0 0 0 0 0 0
14 48 0 0 0 0 0 0 0
17 21 0 0 0 0 0 0 0
28 47 0 0 0 0 0 0 0
17 48 0 0 0 0 0 0 0
44 46 0 0 0 0 0 0 0
7 45 0 0 0 0 0 0 0
6 46 0 0 0 0 0 0 0
15 39 0 0 0 0 0 0 0
10 40 0 0 0 0 0 0 0
5 18 0 0 0 0 0 0 0
7 42 0 0 0 0 0 0 0
33 43 0 0 0 0 0 0 0
19 32 0 0 0 0 0 0 0
20 47 0 0 0 0 0 0 0
33 39 0 0 0 0 0 0 0
4 32 0 0 0 0 0 0 0
3 40 0 0 0 0 0 0 0
34 35 0 0 0 0 0 0 0
18 28 0 0 0 0 0 0 0
18 44 0 0 0 0 0 0 0
24 48 0 0 0 0 0 0 0
18 50 0 0 0 0 0 0 0
20 24 0 0 0 0 0 0 0
48 50 0 0 0 0 0 0 0
12 44 0 0 0 0 0 0 0
19 41 42 0 0 0 0 0 0
1 28 37 0 0 0 0 0 0
8 26 49 0 0 0 0 0 0
4 8 35 0 0 0 0 0 0
17 34 44 0 0 0 0 0 0
5 30 44 0 0 0 0 0 0
4 13 21 0 0 0 0 0 0
25 46 50 0 0 0 0 0 0
6 14 48 0 0 0 0 0 0
22 36 44 0 0 0 0 0 0
17 34 48 0 0 0 0 0 0
5 8 14 0 0 0 0 0 0
29 33 35 0 0 0 0 0 0
2 12 25 0 0 0 0 0 0
3 16 49 0 0 0 0 0 0
5 9 31 0 0 0 0 0 0
7 12 13 0 0 0 0 0 0
16 35 37 0 0 0 0 0 0
26 38 43 0 0 0 0 0 0
7 29 31 0 0 0 0 0 0
24 33 41 0 0 0 0 0 0
8 9 26 0 0 0 0 0 0
7 20 44 0 0 0 0 0 0
3 18 34 0 0 0 0 0 0
3 7 47 0 0 0 0 0 0
4 18 29 47 0 0 0 0 0
4 23 43 46 0 0 0 0 0
3 11 31 42 0 0 0 0 0
2 14 22 38 0 0 0 0 0
17 22 32 45 0 0 0 0 0
2 18 26 38 0 0 0 0 0
21 24 36 39 0 0 0 0 0
14 15 17 31 0 0 0 0 0
1 6 8 9 14 15 21 25 26
3 5 7 10 16 23 27 32 42
1 2 4 8 22 28 34 36 38
1 2 6 9 11 26 30 40 44
3 8 19 26 29 36 38 39 47
1 15 16 31 36 41 45 47 48
2 7 11 14 23 32 34 35 36
6 9 10 16 28 34 38 41 43
10 12 18 23 25 27 29 31 39
4 10 11 19 22 37 40 42 45
1 5 15 20 26 33 38 42 50
10 12 18 25 32 34 41 43 47
5 9 10 16 21 26 28 41 49
6 15 27 28 32 39 40 43 46
2 8 13 21 25 27 28 33 46
1 12 13 17 21 22 23 29 35
3 8 13 19 24 25 31 36 42
3 4 5 20 24 33 34 42 50
5 10 11 13 27 28 29 37 45
6 11 12 13 16 23 29 33 45
10 11 21 22 31 33 43 44 50
11 13 15 25 27 35 37 42 45
12 13 14 22 27 30 38 43 50
10 15 16 19 20 23 30 31 49
7 16 20 37 39 40 46 48 49
1 3 8 13 15 31 37 45 48
9 11 15 17 25 27 29 32 50
2 3 6 13 24 26 35 42 47
9 12 20 21 23 24 30 40 43
1 11 25 30 36 40 41 44 47
6 9 11 14 16 19 36 41 49
7 8 9 12 27 33 37 39 41
1 4 14 24 27 29 30 41 46
2 4 7 9 22 30 32 36 49
1 2 21 22 30 35 43 46 49
14 19 20 32 34 37 39 47 49
4 6 10 23 30 38 40 48 49
2 5 12 17 19 20 28 39 46
6 17 18 19 26 38 40 45 50
30 62 64 65 67 72 77 87 91 94 96
42 57 59 64 65 68 76 89 95 96 99
20 43 52 53 56 63 66 78 79 87 89
19 32 35 54 55 64 71 79 94 95 98
3 13 34 40 44 63 72 74 79 80 99
10 37 62 65 69 75 81 89 92 98 100
9 14 45 48 51 53 63 68 86 93 95
31 32 40 50 62 64 66 76 78 87 93
44 50 62 65 69 74 88 90 92 93 95
12 63 69 70 71 73 74 80 82 85 98
56 65 68 71 80 81 82 83 88 91 92
28 42 45 70 73 77 81 84 90 93 99
35 45 76 77 78 80 81 83 84 87 89
4 37 40 57 61 62 68 84 92 94 97
11 61 62 67 72 75 83 85 87 88 0
43 46 63 67 69 74 81 85 86 92 0
5 7 33 39 58 61 77 88 99 100 0
13 22 23 25 52 54 59 70 73 100 0
16 29 66 71 78 85 92 97 99 100 0
17 26 51 72 79 85 86 90 97 99 0
5 35 60 62 74 76 77 82 90 96 0
38 57 58 64 71 77 82 84 95 96 0
3 55 63 68 70 77 81 85 90 98 0
2 24 26 49 60 78 79 89 90 94 0
36 42 62 70 73 76 78 83 88 91 0
31 47 50 59 62 65 66 72 74 89 100
63 70 75 76 80 83 84 88 93 94 0
6 22 30 64 69 74 75 76 80 99 0
41 48 54 66 70 77 80 81 88 94 0
34 65 84 85 90 91 94 95 96 98 0
44 48 56 61 67 70 78 82 85 87 0
16 19 58 63 68 73 75 88 95 97 0
15 18 41 49 72 76 79 81 82 93 0
21 33 39 52 64 68 69 73 79 97 0
1 21 32 41 46 68 77 83 89 96 0
38 60 64 66 67 68 78 91 92 95 0
2 30 46 71 80 83 86 87 93 97 0
47 57 59 64 66 69 72 84 98 100 0
11 18 60 66 70 75 86 93 97 99 0
12 20 65 71 75 86 90 91 98 100 0
29 49 67 69 73 74 91 92 93 94 0
14 29 56 63 71 72 78 79 83 89 0
15 47 55 69 73 75 82 84 90 96 0
8 23 28 33 34 38 51 65 82 91 0
9 58 67 71 80 81 83 87 100 0 0
8 10 36 55 75 76 86 94 96 99 0
6 17 53 54 66 67 73 89 91 97 0
4 7 24 27 37 39 67 86 87 98 0
31 43 74 85 86 92 95 96 97 98 0
1 25 27 36 72 79 82 84 88 100 0
